1	128 
2	92 
3	54 
4	129 
5	151 
6	17 
7	109 
8	24 
9	121 
10	68 
11	123 
12	6 
13	47 
14	85 
15	62 
16	124 
17	88 
18	3 
19	122 
20	91 
21	98 
22	122 
23	35 
24	109 
25	17 
26	121 
27	114 
28	76 
29	8 
30	55 
31	18 
32	72 
33	44 
34	127 
35	91 
36	100 
37	6 18 
38	52 
39	55 
40	104 
41	78 
42	91 
43	3 
44	70 
45	81 
46	113 
47	45 
48	123 
49	130 
50	53 
51	67 
52	123 
53	24 
54	92 
55	104 
56	53 
57	94 
58	27 151 
59	3 
60	123 
61	74 
62	6 
63	59 
64	11 
65	72 
66	17 
67	6 136 
68	124 
69	144 
70	11 
71	67 
72	47 
73	132 
74	123 
75	140 
76	32 
77	6 135 
78	147 
79	36 
80	76 103 
81	51 145 
82	77 
83	45 122 
84	3 
85	132 
86	132 
87	13 
88	99 105 
89	11 
90	151 
91	45 
92	43 
93	140 
94	142 
95	91 
96	132 
97	1 
98	100 
99	9 
100	103 
101	135 
102	102 
103	54 
104	28 
105	122 
106	45 
107	32 
108	102 
109	1 84 
110	15 
111	70 
112	132 
113	103 
114	61 71 
115	76 110 
116	1 
117	18 
118	109 
119	131 
120	71 
121	47 
122	77 
123	27 
124	24 
125	104 
126	138 
127	135 
128	3 
129	70 76 
130	103 
131	109 
132	112 
133	138 
134	27 
135	105 
136	98 
137	23 
138	114 
139	109 
140	25 
141	129 
142	1 
143	1 
144	132 
145	35 
146	72 
147	155 
148	91 
149	27 
150	129 
151	138 
152	31 
153	150 
154	17 
155	27 
156	104 122 
157	151 
158	145 
159	8 
160	2 
161	1 114 
162	32 
163	69 
164	146 
165	39 
166	106 
167	44 
168	151 
169	129 
170	98 
171	11 
172	92 
173	132 
174	114 
175	138 
176	78 
177	124 
178	6 
179	99 
180	102 
181	145 
182	102 
183	40 
184	142 
185	6 
186	38 
187	32 
188	145 
189	142 
190	20 134 
191	27 64 
192	93 
193	103 
194	122 
195	5 103 
196	123 144 
197	110 
198	5 
199	45 
200	122 
201	132 
202	98 110 
203	61 
204	132 
205	98 
206	99 
207	123 
208	99 
209	142 
210	122 
211	5 
212	20 
213	124 
214	114 
215	116 
216	129 
217	95 
218	72 
219	1 109 
220	136 
221	34 
222	129 
223	74 
224	60 
225	80 95 
226	10 147 
227	98 
228	105 
229	129 
230	76 
231	47 
232	103 
233	114 
234	123 
235	110 
236	20 
237	55 
238	98 138 
239	107 
240	129 
241	92 
242	121 
243	109 
244	140 
245	110 
246	35 96 
247	61 
248	104 
249	1 
250	146 
251	17 
252	132 
253	110 132 
254	98 
255	52 70 
256	29 
257	37 
258	2 
259	139 
260	124 
261	23 
262	111 
263	103 
264	15 113 
265	154 
266	132 
267	2 
268	105 145 
269	81 
270	113 
271	98 123 
272	109 
273	52 
274	5 98 
275	38 
276	151 
277	135 
278	124 
279	6 
280	97 
281	75 
282	130 
283	7 
284	76 
285	17 47 
286	98 
287	133 
288	88 
289	130 
290	70 113 
291	103 
292	34 
293	96 
294	156 
295	62 
296	122 130 
297	117 
298	145 
299	103 
300	124 
301	78 
302	87 
303	84 
304	140 
305	103 109 
306	52 
307	32 
308	8 
309	28 
310	61 
311	123 
312	6 54 
313	27 
314	118 
315	129 
316	91 
317	109 
318	149 
319	84 
320	109 
321	98 
322	47 
323	32 
324	88 
325	63 
326	154 
327	61 
328	93 
329	6 138 
330	47 
331	110 
332	124 
333	88 
334	19 
335	132 
336	5 
337	122 
338	53 130 
339	134 142 
340	7 
341	122 
342	141 
343	140 
344	107 
345	123 
346	77 
347	53 
348	27 
349	94 
350	140 
351	109 
352	129 
353	128 
354	91 
355	122 
356	77 
357	151 
358	73 
359	62 
360	15 
361	127 
362	24 
363	1 
364	52 
365	61 
366	18 
367	76 
368	99 
369	149 
370	110 135 
371	77 
372	114 
373	94 
374	6 
375	34 
376	92 
377	29 
378	114 
379	35 
380	125 
381	86 
382	105 
383	32 93 
384	15 
385	117 
386	32 
387	113 150 
388	61 
389	101 
390	1 
391	153 
392	124 
393	98 129 
394	60 92 
395	91 136 
396	97 
397	10 112 
398	39 
399	129 
400	38 
401	121 
402	104 
403	26 
404	91 
405	5 
406	106 
407	18 58 
408	60 
409	29 70 
410	53 
411	9 
412	5 32 
413	45 
414	69 
415	133 
416	136 
417	122 
418	31 
419	91 
420	44 
421	130 
422	58 
423	68 
424	6 
425	84 
426	80 
427	76 122 
428	147 
429	41 
430	130 134 
431	104 
432	68 
433	143 
434	36 
435	17 
436	129 
437	91 
438	45 
439	18 
440	5 
441	112 
442	71 
443	69 
444	127 
445	96 
446	134 
447	91 
448	47 
449	6 
450	111 
451	27 
452	8 
453	102 
454	65 
455	145 
456	55 
457	86 
458	107 
459	20 58 
460	102 
461	36 
462	107 137 
463	109 
464	79 
465	123 
466	3 
467	15 135 
468	44 
469	104 
470	102 109 
471	104 
472	61 
473	102 
474	92 
475	77 
476	129 
477	150 
478	53 
479	150 
480	109 
481	53 
482	32 
483	44 
484	27 112 
485	5 127 
486	83 
487	128 
488	4 
489	77 
490	153 
491	129 
492	98 
493	6 
494	145 
495	142 
496	123 
497	17 
498	64 
499	124 127 
500	99 
501	136 
502	91 
503	105 
504	135 
505	11 
506	124 
507	25 
508	29 
509	38 
510	72 
511	15 
512	129 
513	142 
514	81 
515	32 
516	74 
517	72 142 
518	77 123 
519	27 129 
520	145 
521	99 
522	123 
523	109 
524	123 
525	138 
526	116 
527	123 
528	61 149 
529	77 109 
530	112 
531	145 
532	122 
533	127 
534	17 
535	135 
536	71 
537	53 
538	124 
539	47 
540	64 
541	156 
542	127 
543	13 
544	45 
545	5 8 
546	55 
547	65 
548	150 
549	8 
550	44 135 
551	113 
552	33 
553	113 
554	33 91 
555	138 
556	105 
557	76 
558	61 
559	80 
560	142 
561	124 
562	1 123 
563	114 
564	19 
565	142 
566	110 
567	136 
568	124 
569	35 131 
570	17 
571	85 
572	74 
573	114 
574	5 
575	52 
576	152 
577	121 
578	142 
579	93 
580	106 
581	122 
582	101 133 
583	76 
584	25 
585	51 
586	18 
587	149 
588	77 
589	114 
590	33 
591	9 124 
592	100 
593	132 
594	29 
595	35 110 
596	27 
597	49 
598	138 
599	132 
600	76 
601	110 129 
602	113 
603	4 
604	59 
605	30 
606	121 
607	145 
608	122 
609	98 
610	75 99 
611	138 
612	93 122 
613	18 140 
614	81 
615	151 
616	122 
617	6 
618	5 
619	38 
620	52 
621	50 
622	120 
623	109 138 
624	94 
625	151 
626	126 
627	102 
628	38 
629	47 
630	87 
631	149 
632	104 
633	32 
634	114 
635	129 
636	18 
637	77 
638	136 
639	47 
640	3 82 
641	104 
642	34 
643	133 
644	39 
645	102 
646	137 
647	86 
648	126 129 
649	99 
650	146 
651	37 122 
652	5 
653	110 
654	76 
655	27 
656	5 6 
657	130 
658	59 
659	144 
660	98 
661	81 
662	112 
663	151 
664	2 5 
665	6 
666	36 
667	81 
668	88 
669	124 
670	110 
671	145 
672	139 
673	124 
674	138 
675	109 
676	43 
677	75 
678	18 
679	50 154 
680	124 
681	104 
682	154 
683	61 114 
684	16 
685	73 
686	151 
687	110 
688	86 140 
689	145 
690	53 
691	58 
692	2 
693	42 
694	65 
695	134 
696	104 
697	49 
698	98 
699	133 
700	104 
701	43 127 
702	103 
703	154 
704	112 
705	23 
706	71 
707	27 
708	27 
709	129 
710	5 
711	113 
712	37 
713	104 
714	121 
715	57 
716	17 150 
717	6 
718	26 
719	102 
720	61 
721	124 
722	132 
723	104 
724	6 
725	133 
726	37 120 
727	129 
728	13 
729	36 
730	138 
731	100 
732	1 
733	77 
734	19 
735	29 
736	38 
737	133 
738	88 
739	53 
740	110 
741	120 
742	29 103 
743	52 76 
744	127 
745	72 
746	29 
747	60 
748	88 
749	143 
750	143 
751	11 
752	103 
753	98 
754	113 
755	106 
756	103 142 
757	124 
758	60 
759	124 
760	2 
761	91 
762	17 
763	27 
764	84 
765	30 
766	3 133 
767	130 
768	122 
769	94 
770	23 
771	9 53 
772	150 
773	116 
774	134 
775	32 
776	116 
777	110 
778	115 
779	113 
780	102 
781	81 
782	27 
783	100 
784	15 
785	101 
786	47 
787	89 
788	124 
789	127 
790	92 
791	98 
792	150 
793	109 
794	61 132 
795	107 
796	100 
797	42 
798	110 
799	143 
800	77 133 
801	107 
802	116 
803	58 
804	18 
805	151 
806	123 
807	115 
808	25 84 
809	67 
810	151 
811	151 
812	124 
813	98 99 
814	140 
815	6 
816	124 
817	104 
818	154 
819	123 
820	67 
821	151 
822	114 
823	151 
824	144 
825	36 
826	124 127 
827	114 153 
828	145 
829	23 
830	100 
831	151 
832	84 
833	98 101 
834	122 
835	9 
836	45 
837	23 61 
838	98 
839	112 
840	53 
841	52 
842	21 
843	19 
844	138 
845	102 
846	11 
847	138 
848	99 
849	110 
850	6 
851	79 
852	99 
853	17 
854	107 
855	49 114 
856	141 
857	89 
858	120 
859	112 
860	129 
861	144 
862	143 
863	15 45 
864	47 
865	100 
866	32 
867	39 
868	6 
869	156 
870	61 
871	108 
872	102 
873	77 
874	47 
875	6 
876	49 
877	9 130 
878	106 
879	5 85 
880	61 
881	81 
882	32 
883	89 
884	72 
885	76 
886	101 
887	137 
888	80 
889	110 
890	20 
891	91 
892	114 
893	133 
894	17 
895	18 
896	100 
897	132 
898	91 140 
899	27 
900	82 
901	122 
902	1 
903	113 
904	27 
905	44 
906	29 98 
907	150 
908	34 
909	100 
910	79 
911	8 
912	94 
913	47 
914	123 
915	103 
916	53 
917	31 
918	129 
919	21 
920	124 
921	45 
922	38 
923	6 
924	98 
925	142 
926	3 
927	132 
928	33 
929	127 135 
930	121 
931	25 
932	72 
933	122 
934	11 
935	89 
936	47 
937	100 
938	50 
939	110 
940	53 76 
941	123 
942	142 
943	6 132 
944	124 
945	36 
946	140 
947	47 
948	9 
949	154 
950	18 
951	81 
952	8 76 
953	123 
954	83 
955	132 
956	53 99 
957	113 
958	18 81 
959	8 
960	113 
961	14 
962	132 
963	151 
964	78 91 
965	35 
966	53 
967	6 
968	13 32 
969	114 
970	143 
971	11 
972	15 
973	113 
974	103 
975	80 
976	61 
977	132 
978	135 
979	142 
980	156 
981	2 
982	100 
983	141 
984	114 
985	76 
986	134 
987	91 
988	105 
989	120 
990	132 
991	2 100 
992	103 
993	86 
994	7 
995	129 
996	98 
997	77 
998	61 
999	122 127 
1000	60 
1001	120 
1002	1 
1003	98 
1004	27 
1005	86 
1006	123 
1007	32 
1008	108 
1009	129 
1010	1 
1011	111 
1012	103 151 
1013	95 
1014	129 
1015	23 
1016	57 109 
1017	109 
1018	100 
1019	122 140 
1020	31 
1021	109 
1022	144 
1023	122 
1024	150 
1025	61 
1026	44 95 
1027	59 
1028	38 
1029	58 
1030	6 
1031	46 
1032	98 
1033	109 
1034	81 
1035	103 
1036	77 
1037	47 
1038	12 
1039	77 106 
1040	38 
1041	110 
1042	5 
1043	52 
1044	121 
1045	103 
1046	3 123 
1047	114 
1048	30 
1049	122 
1050	99 
1051	89 120 
1052	121 
1053	91 
1054	10 
1055	18 
1056	2 27 
1057	11 
1058	6 
1059	75 
1060	31 
1061	138 
1062	76 
1063	32 
1064	110 
1065	51 
1066	120 
1067	48 
1068	109 
1069	44 
1070	99 124 
1071	1 
1072	3 
1073	33 
1074	124 
1075	5 
1076	38 106 
1077	131 
1078	132 
1079	58 61 
1080	70 
1081	152 
1082	110 
1083	65 68 
1084	140 
1085	122 
1086	98 
1087	103 
1088	2 
1089	89 
1090	2 
1091	106 
1092	123 
1093	32 38 
1094	38 
1095	154 
1096	103 
1097	104 143 
1098	25 
1099	86 91 
1100	77 
1101	105 
1102	79 
1103	1 
1104	15 
1105	120 
1106	17 38 
1107	93 
1108	89 95 
1109	89 
1110	155 
1111	71 
1112	129 
1113	140 
1114	52 
1115	152 
1116	92 
1117	123 
1118	72 
1119	14 
1120	22 
1121	14 140 
1122	17 
1123	3 
1124	22 
1125	92 
1126	17 
1127	123 
1128	102 
1129	17 
1130	92 
1131	1 
1132	63 
1133	142 
1134	64 
1135	143 
1136	122 
1137	127 
1138	145 
1139	35 
1140	61 
1141	32 
1142	1 37 
1143	145 
1144	81 
1145	129 
1146	98 
1147	99 
1148	76 
1149	74 
1150	5 
1151	98 
1152	47 
1153	109 
1154	109 
1155	142 
1156	133 
1157	61 
1158	42 
1159	5 112 
1160	72 
1161	29 
1162	145 
1163	137 
1164	116 132 
1165	56 
1166	5 95 
1167	122 150 
1168	91 99 
1169	5 
1170	148 
1171	6 
1172	44 
1173	112 
1174	38 
1175	125 
1176	19 
1177	153 
1178	17 
1179	129 
1180	3 150 
1181	49 
1182	32 
1183	80 
1184	2 
1185	118 
1186	124 
1187	124 
1188	69 
1189	145 
1190	125 
1191	132 
1192	85 
1193	114 
1194	29 
1195	129 
1196	61 132 
1197	45 
1198	46 
1199	17 
1200	76 89 
1201	22 
1202	145 
1203	17 
1204	15 
1205	113 
1206	17 
1207	2 
1208	92 
1209	114 
1210	142 
1211	87 
1212	100 
1213	117 
1214	53 
1215	142 
1216	2 
1217	112 
1218	11 
1219	100 
1220	103 
1221	90 
1222	124 
1223	7 135 
1224	54 
1225	10 
1226	38 
1227	5 
1228	92 
1229	92 
1230	58 
1231	116 
1232	84 
1233	116 
1234	17 
1235	149 
1236	61 
1237	56 
1238	84 
1239	103 
1240	38 
1241	100 
1242	10 
1243	142 
1244	11 
1245	58 
1246	138 
1247	12 
1248	57 
1249	22 
1250	92 
1251	132 
1252	103 
1253	47 151 
1254	5 
1255	35 
1256	111 
1257	66 
1258	76 
1259	76 
1260	3 
1261	70 140 
1262	112 
1263	51 
1264	145 
1265	92 119 
1266	152 
1267	29 
1268	121 
1269	116 
1270	92 
1271	138 
1272	52 
1273	89 
1274	38 
1275	81 
1276	123 
1277	110 
1278	128 
1279	109 115 
1280	127 
1281	91 
1282	2 
1283	104 
1284	38 
1285	69 
1286	75 104 
1287	6 
1288	18 
1289	52 
1290	73 
1291	145 
1292	53 
1293	129 
1294	135 
1295	17 61 
1296	154 
1297	113 
1298	77 
1299	77 
1300	27 
1301	61 
1302	140 
1303	103 
1304	77 151 
1305	140 
1306	122 
1307	61 
1308	110 
1309	104 
1310	23 
1311	68 
1312	25 
1313	15 55 
1314	95 
1315	32 
1316	19 
1317	124 
1318	132 
1319	122 132 
1320	99 
1321	27 
1322	89 
1323	140 
1324	106 
1325	4 
1326	11 
1327	17 
1328	150 
1329	5 
1330	25 
1331	110 
1332	8 
1333	140 
1334	151 
1335	55 
1336	98 
1337	138 
1338	48 
1339	47 
1340	142 
1341	145 
1342	89 
1343	27 
1344	123 
1345	5 
1346	155 
1347	143 
1348	107 
1349	54 
1350	103 
1351	149 
1352	13 
1353	2 
1354	71 
1355	47 
1356	44 
1357	54 
1358	84 
1359	53 
1360	112 
1361	28 
1362	44 
1363	70 88 
1364	135 
1365	1 
1366	126 
1367	59 
1368	46 
1369	127 
1370	122 
1371	58 
1372	56 
1373	71 
1374	145 
1375	77 
1376	62 
1377	129 132 
1378	77 
1379	145 
1380	120 
1381	18 132 
1382	114 
1383	38 
1384	121 
1385	143 
1386	107 
1387	131 
1388	12 
1389	17 
1390	90 
1391	17 
1392	65 
1393	113 
1394	114 127 
1395	53 
1396	18 
1397	127 
1398	103 
1399	46 
1400	75 91 
1401	32 
1402	19 
1403	42 
1404	32 
1405	15 135 
1406	91 
1407	3 
1408	113 
1409	32 
1410	89 
1411	117 
1412	29 
1413	18 
1414	132 
1415	61 86 
1416	109 
1417	84 
1418	61 
1419	104 
1420	32 
1421	27 
1422	71 
1423	98 
1424	104 
1425	18 
1426	77 
1427	104 
1428	25 
1429	17 
1430	127 132 
1431	142 
1432	124 
1433	1 
1434	53 
1435	70 
1436	6 
1437	53 
1438	109 
1439	2 
1440	92 
1441	66 
1442	91 
1443	16 
1444	143 
1445	14 152 
1446	11 133 
1447	72 
1448	72 
1449	29 
1450	134 
1451	51 
1452	132 
1453	6 
1454	101 
1455	60 
1456	154 
1457	8 
1458	8 
1459	41 
1460	4 118 
1461	113 
1462	38 
1463	1 
1464	54 
1465	98 
1466	54 100 
1467	76 
1468	122 
1469	122 
1470	93 
1471	113 
1472	26 
1473	17 
1474	71 
1475	129 
1476	77 94 
1477	129 142 
1478	23 
1479	52 
1480	25 
1481	123 
1482	132 
1483	88 
1484	6 
1485	58 
1486	106 
1487	130 
1488	84 
1489	147 
1490	120 
1491	20 25 
1492	61 
1493	132 
1494	66 
1495	107 
1496	15 
1497	122 
1498	76 
1499	89 
1500	128 
1501	47 133 
1502	133 
1503	77 
1504	98 
1505	110 
1506	91 
1507	142 
1508	117 129 
1509	42 
1510	30 
1511	142 
1512	119 
1513	50 
1514	142 
1515	97 120 
1516	47 106 
1517	90 
1518	48 
1519	138 
1520	81 
1521	113 
1522	120 149 
1523	110 
1524	112 
1525	83 
1526	91 
1527	86 
1528	18 53 
1529	127 
1530	2 
1531	29 
1532	94 
1533	49 83 
1534	99 
1535	6 
1536	53 
1537	57 
1538	122 
1539	76 
1540	133 
1541	132 
1542	95 
1543	71 
1544	114 
1545	47 
1546	3 
1547	112 124 
1548	102 
1549	110 
1550	142 
1551	140 
1552	1 
1553	2 
1554	55 122 
1555	102 
1556	124 
1557	41 
1558	113 
1559	120 
1560	135 
1561	149 
1562	38 
1563	42 73 
1564	114 
1565	133 
1566	101 
1567	145 
1568	53 
1569	103 109 
1570	100 129 
1571	70 
1572	115 
1573	53 
1574	151 
1575	46 
1576	53 
1577	11 
1578	99 
1579	1 
1580	42 
1581	25 
1582	103 
1583	16 
1584	82 
1585	76 
1586	142 
1587	110 125 
1588	61 
1589	10 
1590	29 
1591	71 105 
1592	121 
1593	11 53 
1594	8 
1595	18 
1596	38 
1597	122 
1598	52 
1599	25 145 
1600	30 
1601	30 
1602	123 
1603	122 
1604	155 
1605	86 
1606	133 
1607	29 113 
1608	40 
1609	138 
1610	53 
1611	109 
1612	81 
1613	91 
1614	5 95 
1615	68 101 
1616	145 
1617	10 
1618	53 
1619	6 
1620	10 109 
1621	123 
1622	122 
1623	38 
1624	64 
1625	103 
1626	124 
1627	122 
1628	76 
1629	121 
1630	98 
1631	8 100 
1632	25 
1633	115 
1634	38 
1635	92 114 
1636	103 
1637	99 
1638	93 
1639	98 
1640	89 154 
1641	132 
1642	75 
1643	77 
1644	52 
1645	77 
1646	103 140 
1647	38 
1648	100 
1649	138 
1650	142 
1651	86 
1652	32 
1653	1 
1654	132 
1655	98 
1656	53 99 
1657	73 
1658	105 
1659	127 
1660	31 
1661	8 
1662	81 
1663	140 
1664	18 26 
1665	97 150 
1666	33 
1667	109 
1668	53 95 
1669	99 
1670	58 
1671	109 
1672	72 
1673	3 
1674	107 
1675	113 
1676	3 
1677	142 
1678	62 
1679	129 
1680	132 
1681	122 
1682	92 146 
1683	123 
1684	47 
1685	104 
1686	109 
1687	133 
1688	44 
1689	77 
1690	58 
1691	13 104 
1692	118 
1693	5 
1694	81 
1695	124 132 
1696	140 
1697	70 77 
1698	68 
1699	6 
1700	86 
1701	15 
1702	124 
1703	140 
1704	54 
1705	11 
1706	76 
1707	90 
1708	32 92 
1709	53 70 
1710	113 
1711	42 
1712	133 
1713	73 
1714	92 
1715	103 114 
1716	118 
1717	99 142 
1718	38 
1719	110 
1720	129 
1721	72 
1722	124 
1723	31 
1724	133 
1725	102 
1726	116 
1727	106 
1728	152 
1729	109 
1730	56 
1731	38 
1732	98 
1733	98 
1734	23 
1735	18 
1736	77 
1737	70 
1738	52 
1739	106 
1740	92 
1741	129 
1742	122 
1743	140 
1744	96 135 
1745	79 
1746	151 
1747	98 
1748	8 
1749	113 
1750	103 
1751	11 
1752	15 
1753	19 
1754	133 
1755	91 104 
1756	104 
1757	146 
1758	6 99 
1759	5 103 
1760	93 
1761	73 
1762	52 
1763	140 
1764	91 
1765	133 
1766	129 
1767	124 
1768	149 
1769	138 
1770	145 
1771	8 
1772	138 140 
1773	67 
1774	108 
1775	13 
1776	127 
1777	124 
1778	62 
1779	142 
1780	146 
1781	151 
1782	107 
1783	1 54 
1784	16 
1785	3 
1786	145 
1787	32 
1788	92 
1789	52 
1790	2 
1791	152 
1792	14 
1793	19 
1794	104 
1795	52 
1796	100 
1797	76 
1798	156 
1799	103 
1800	75 
1801	44 
1802	71 
1803	104 
1804	71 
1805	109 124 
1806	109 
1807	133 
1808	132 
1809	5 
1810	64 142 
1811	112 
1812	5 
1813	91 
1814	89 
1815	89 
1816	104 
1817	82 
1818	38 
1819	44 
1820	139 
1821	17 
1822	151 
1823	138 
1824	25 
1825	99 
1826	100 
1827	146 
1828	129 
1829	127 
1830	98 
1831	88 127 
1832	3 98 
1833	123 
1834	142 
1835	151 
1836	135 
1837	60 
1838	84 
1839	113 
1840	140 
1841	142 
1842	70 
1843	1 
1844	67 
1845	81 
1846	120 
1847	102 127 
1848	99 
1849	99 
1850	116 
1851	134 
1852	46 91 
1853	15 
1854	58 
1855	38 122 
1856	5 
1857	87 
1858	53 
1859	2 153 
1860	121 
1861	140 
1862	6 
1863	113 
1864	37 
1865	101 
1866	32 
1867	100 
1868	104 
1869	70 
1870	109 
1871	31 
1872	109 
1873	146 
1874	74 
1875	110 
1876	98 
1877	81 
1878	123 
1879	113 
1880	3 
1881	52 
1882	38 
1883	133 
1884	110 
1885	15 
1886	5 
1887	151 
1888	45 
1889	17 
1890	143 
1891	70 
1892	49 
1893	104 
1894	148 
1895	12 
1896	2 
1897	25 151 
1898	122 
1899	6 
1900	23 
1901	54 
1902	29 150 
1903	44 76 
1904	103 
1905	18 
1906	40 
1907	19 
1908	129 
1909	1 
1910	82 
1911	22 
1912	114 
1913	57 
1914	38 
1915	137 
1916	49 
1917	1 
1918	144 
1919	92 
1920	53 
1921	70 
1922	23 
1923	103 
1924	62 
1925	23 32 
1926	38 
1927	77 
1928	99 
1929	107 120 
1930	98 124 
1931	91 140 
1932	111 
1933	53 
1934	122 
1935	114 
1936	110 
1937	151 
1938	132 
1939	113 122 
1940	101 103 
1941	77 
1942	103 113 
1943	151 
1944	14 124 
1945	91 
1946	6 
1947	151 
1948	102 
1949	47 
1950	66 
1951	133 
1952	116 
1953	63 
1954	32 71 
1955	38 99 
1956	70 
1957	109 
1958	92 
1959	93 
1960	35 
1961	150 
1962	84 
1963	105 
1964	25 
1965	1 
1966	2 103 
1967	113 
1968	6 25 
1969	47 
1970	105 
1971	1 
1972	13 
1973	109 
1974	151 
1975	104 
1976	114 
1977	91 
1978	142 
1979	123 
1980	9 
1981	98 
1982	113 
1983	122 
1984	4 
1985	142 
1986	104 
1987	58 
1988	130 
1989	6 
1990	103 
1991	29 
1992	6 
1993	110 
1994	5 
1995	151 
1996	99 
1997	140 
1998	98 146 
1999	76 
2000	25 53 
2001	145 
2002	114 
2003	147 
2004	97 
2005	111 
2006	60 
2007	57 
2008	102 
2009	6 
2010	58 
2011	6 
2012	100 
2013	11 
2014	14 
2015	81 
2016	142 
2017	91 
2018	76 
2019	50 
2020	47 
2021	155 
2022	62 
2023	45 
2024	47 
2025	91 
2026	55 
2027	1 81 
2028	106 
2029	136 
2030	7 
2031	77 
2032	71 
2033	90 
2034	116 
2035	84 
2036	18 32 
2037	77 
2038	47 104 
2039	38 
2040	144 
2041	8 
2042	40 
2043	132 
2044	61 
2045	129 
2046	133 
2047	113 
2048	72 
2049	133 
2050	4 
2051	43 61 
2052	142 
2053	86 
2054	123 
2055	47 
2056	118 
2057	112 
2058	6 
2059	142 
2060	90 
2061	15 
2062	42 
2063	91 
2064	86 
2065	120 
2066	113 
2067	93 
2068	109 
2069	76 
2070	54 
2071	73 
2072	5 
2073	129 
2074	129 
2075	103 
2076	155 
2077	91 
2078	123 
2079	38 
2080	39 
2081	1 98 
2082	44 
2083	123 137 
2084	138 
2085	107 
2086	102 
2087	123 
2088	6 
2089	122 
2090	9 
2091	88 
2092	124 
2093	61 
2094	43 110 
2095	150 
2096	78 
2097	107 
2098	92 
2099	105 120 
2100	61 
2101	95 
2102	124 
2103	92 
2104	32 
2105	47 
2106	18 
2107	148 
2108	12 110 
2109	143 
2110	135 
2111	151 
2112	147 
2113	110 
2114	132 
2115	142 
2116	23 
2117	98 
2118	112 
2119	127 
2120	129 
2121	149 
2122	53 
2123	61 
2124	61 
2125	8 
2126	122 
2127	145 
2128	86 
2129	135 
2130	31 
2131	29 
2132	8 
2133	154 
2134	25 
2135	134 
2136	151 
2137	132 
2138	98 
2139	145 
2140	47 142 
2141	133 
2142	53 
2143	103 
2144	32 
2145	2 
2146	122 
2147	72 
2148	35 
2149	26 
2150	122 
2151	99 
2152	95 
2153	149 
2154	124 
2155	109 
2156	6 
2157	114 
2158	110 
2159	140 
2160	138 
2161	55 
2162	112 
2163	115 
2164	52 
2165	114 
2166	116 
2167	101 
2168	77 
2169	5 22 
2170	8 
2171	17 
2172	143 
2173	150 
2174	81 
2175	43 
2176	6 
2177	47 
2178	17 
2179	121 140 
2180	6 
2181	138 
2182	40 
2183	116 140 
2184	69 
2185	122 
2186	18 116 
2187	21 130 
2188	132 
2189	117 
2190	52 
2191	83 150 
2192	55 
2193	150 
2194	32 
2195	88 
2196	89 
2197	76 
2198	52 
2199	140 
2200	17 
2201	2 
2202	81 
2203	18 
2204	117 
2205	17 
2206	132 
2207	77 
2208	61 76 
2209	53 
2210	17 
2211	101 
2212	28 
2213	91 
2214	42 
2215	70 
2216	72 
2217	124 
2218	140 
2219	51 
2220	63 
2221	151 
2222	154 
2223	7 
2224	140 
2225	19 
2226	1 
2227	149 
2228	5 
2229	53 124 
2230	137 
2231	119 
2232	45 
2233	2 
2234	3 
2235	110 
2236	151 
2237	102 124 
2238	52 
2239	122 
2240	3 15 
2241	103 131 
2242	53 
2243	123 
2244	31 32 
2245	29 
2246	1 
2247	56 155 
2248	18 26 
2249	70 
2250	109 
2251	44 109 
2252	148 
2253	98 
2254	3 112 
2255	86 
2256	2 
2257	44 
2258	61 
2259	47 
2260	15 
2261	141 
2262	126 
2263	72 
2264	149 
2265	150 
2266	8 
2267	66 100 
2268	58 109 
2269	38 
2270	78 
2271	145 
2272	98 
2273	61 
2274	76 
2275	129 
2276	61 
2277	150 
2278	147 
2279	129 
2280	103 
2281	18 
2282	132 
2283	150 
2284	35 
2285	72 
2286	150 
2287	145 
2288	84 
2289	6 
2290	54 
2291	84 
2292	6 
2293	133 
2294	11 
2295	8 
2296	124 
2297	77 135 
2298	129 
2299	110 
2300	53 
2301	58 
2302	30 
2303	122 
2304	142 
2305	147 
2306	143 
2307	124 
2308	53 
2309	99 
2310	113 
2311	5 
2312	142 
2313	61 
2314	110 
2315	18 
2316	94 
2317	3 122 
2318	25 
2319	149 
2320	98 
2321	145 
2322	86 
2323	92 
2324	61 
2325	23 91 
2326	9 
2327	14 15 
2328	53 
2329	104 
2330	127 
2331	3 
2332	77 
2333	3 
2334	125 
2335	25 
2336	42 
2337	1 
2338	98 
2339	47 
2340	65 
2341	6 109 
2342	84 
2343	51 
2344	38 
2345	102 
2346	99 
2347	1 32 
2348	53 145 
2349	130 
2350	104 145 
2351	61 
2352	72 138 
2353	101 
2354	127 
2355	18 
2356	86 114 
2357	23 
2358	132 
2359	53 
2360	113 
2361	2 120 
2362	92 
2363	121 
2364	134 
2365	145 
2366	2 
2367	38 
2368	142 
2369	91 
2370	47 
2371	18 
2372	27 
2373	15 
2374	11 
2375	151 
2376	38 
2377	139 
2378	28 
2379	33 
2380	51 
2381	25 
2382	55 
2383	41 
2384	32 
2385	97 
2386	29 
2387	100 132 
2388	122 
2389	122 
2390	64 
2391	1 
2392	1 
2393	144 
2394	30 
2395	23 
2396	86 99 
2397	8 
2398	4 
2399	17 
2400	95 
2401	134 
2402	31 
2403	120 
2404	17 
2405	114 
2406	73 
2407	6 
2408	35 
2409	129 
2410	1 
2411	61 
2412	61 
2413	58 
2414	123 
2415	127 
2416	61 144 
2417	140 152 
2418	39 
2419	151 
2420	101 
2421	140 
2422	8 
2423	102 
2424	98 
2425	133 
2426	113 
2427	115 
2428	103 
2429	102 
2430	126 
2431	17 
2432	132 
2433	73 112 
2434	53 
2435	92 
2436	116 
2437	4 
2438	99 
2439	105 
2440	129 
2441	92 
2442	69 
2443	14 
2444	58 
2445	89 
2446	98 
2447	18 
2448	120 
2449	132 
2450	135 
2451	52 71 
2452	142 
2453	104 
2454	3 
2455	77 
2456	47 
2457	17 
2458	22 112 
2459	32 155 
2460	76 
2461	110 
2462	127 
2463	121 
2464	150 
2465	138 
2466	2 
2467	18 
2468	123 
2469	23 
2470	52 
2471	88 
2472	58 99 
2473	47 
2474	127 
2475	10 
2476	135 
2477	47 
2478	145 
2479	65 
2480	27 
2481	64 
2482	145 
2483	61 
2484	142 
2485	6 
2486	142 
2487	13 
2488	129 
2489	33 
2490	47 
2491	125 
2492	10 
2493	98 103 
2494	26 
2495	32 
2496	110 
2497	96 
2498	77 
2499	148 
2500	93 
2501	1 
2502	1 100 
2503	82 137 
2504	82 
2505	120 
2506	61 
2507	97 
2508	8 
2509	143 
2510	94 
2511	110 
2512	133 
2513	149 
2514	33 
2515	135 
2516	150 
2517	51 
2518	135 
2519	6 
2520	81 
2521	47 
2522	145 
2523	6 
2524	4 42 
2525	58 
2526	143 
2527	129 
2528	30 110 
2529	19 
2530	61 
2531	30 
2532	61 
2533	27 
2534	53 
2535	140 
2536	138 
2537	103 
2538	135 
2539	44 135 
2540	112 
2541	114 
2542	77 
2543	6 
2544	104 
2545	43 
2546	144 
2547	52 
2548	106 
2549	137 
2550	17 
2551	47 
2552	123 
2553	86 
2554	130 149 
2555	117 
2556	11 113 
2557	77 
2558	142 
2559	114 
2560	124 133 
2561	99 
2562	151 
2563	135 
2564	123 
2565	29 
2566	132 
2567	103 
2568	154 
2569	5 
2570	76 
2571	35 
2572	135 
2573	24 
2574	115 
2575	151 
2576	113 
2577	27 
2578	61 
2579	32 
2580	114 
2581	52 
2582	2 
2583	124 
2584	5 
2585	47 
2586	53 
2587	88 
2588	134 
2589	127 
2590	92 
2591	1 
2592	14 
2593	123 
2594	127 
2595	115 
2596	8 
2597	114 
2598	38 112 
2599	8 
2600	18 
2601	11 
2602	103 
2603	47 
2604	23 
2605	17 
2606	94 
2607	53 
2608	151 
2609	139 
2610	61 
2611	61 
2612	4 132 
2613	27 
2614	99 
2615	104 
2616	98 
2617	142 
2618	92 
2619	20 
2620	103 
2621	98 
2622	25 61 
2623	47 
2624	47 
2625	104 
2626	109 
2627	99 
2628	18 
2629	122 
2630	142 
2631	22 
2632	141 
2633	114 
2634	119 
2635	32 
2636	149 
2637	103 
2638	1 
2639	32 47 
2640	151 
2641	5 
2642	100 
2643	121 
2644	27 
2645	1 
2646	38 
2647	144 
2648	65 
2649	142 
2650	53 
2651	114 
2652	141 
2653	100 
2654	124 
2655	95 
2656	132 
2657	150 
2658	58 
2659	61 
2660	53 
2661	91 
2662	91 
2663	25 52 
2664	25 
2665	148 
2666	89 
2667	151 
2668	139 145 
2669	48 
2670	77 
2671	26 38 
2672	98 
2673	105 
2674	37 127 
2675	77 
2676	5 
2677	77 
2678	3 
2679	129 
2680	104 
2681	61 
2682	114 
2683	58 78 
2684	53 
2685	94 
2686	119 
2687	61 
2688	53 
2689	113 
2690	110 
2691	144 
2692	71 
2693	98 
2694	30 
2695	3 75 
2696	6 37 
2697	123 124 
2698	145 
2699	33 
2700	54 
2701	106 
2702	52 
2703	77 
2704	35 
2705	91 
2706	47 
2707	122 
2708	53 
2709	123 
2710	27 122 
2711	133 
2712	58 
2713	116 
2714	141 
2715	58 
2716	17 103 
2717	18 
2718	32 
2719	3 
2720	1 
2721	103 
2722	41 
2723	127 
2724	151 
2725	47 
2726	100 
2727	68 
2728	129 153 
2729	21 
2730	53 110 
2731	85 94 
2732	151 
2733	76 
2734	11 14 
2735	100 
2736	95 
2737	61 
2738	70 
2739	33 
2740	135 
2741	1 
2742	136 
2743	18 77 
2744	14 
2745	78 126 
2746	153 
2747	38 
2748	130 
2749	18 
2750	41 
2751	38 
2752	8 
2753	101 
2754	124 
2755	129 
2756	5 100 
2757	53 
2758	6 
2759	32 
2760	1 
2761	27 
2762	49 
2763	110 
2764	114 
2765	1 6 
2766	114 
2767	151 
2768	109 
2769	120 
2770	109 
2771	77 106 
2772	38 
2773	100 
2774	77 
2775	47 
2776	32 114 
2777	137 
2778	91 
2779	91 
2780	53 
2781	5 
2782	140 
2783	136 
2784	93 
2785	142 
2786	19 109 
2787	114 
2788	75 
2789	125 
2790	50 
2791	1 107 
2792	129 
2793	5 150 
2794	71 
2795	8 
2796	132 
2797	140 
2798	32 
2799	35 
2800	150 
2801	120 
2802	61 
2803	149 
2804	45 
2805	148 
2806	49 
2807	137 
2808	118 
2809	72 91 
2810	114 
2811	48 
2812	13 
2813	47 
2814	18 
2815	47 
2816	52 
2817	112 
2818	102 
2819	103 
2820	109 
2821	145 
2822	93 
2823	113 
2824	149 
2825	92 138 
2826	32 
2827	35 
2828	123 
2829	18 
2830	124 
2831	124 
2832	8 
2833	130 
2834	99 
2835	20 
2836	11 
2837	18 
2838	138 
2839	72 
2840	1 
2841	113 
2842	18 
2843	83 
2844	36 
2845	27 63 
2846	22 109 
2847	26 
2848	119 
2849	140 
2850	38 
2851	5 
2852	53 
2853	138 
2854	70 106 
2855	132 
2856	102 
2857	135 
2858	127 
2859	77 
2860	119 
2861	123 
2862	65 
2863	54 
2864	47 
2865	132 
2866	1 
2867	112 
2868	122 
2869	29 
2870	44 
2871	62 
2872	151 
2873	32 110 
2874	44 
2875	132 
2876	97 
2877	72 
2878	15 
2879	104 
2880	113 127 
2881	150 
2882	3 
2883	102 
2884	110 
2885	150 
2886	132 
2887	45 
2888	109 
2889	129 
2890	76 89 
2891	46 
2892	1 
2893	5 91 
2894	122 
2895	76 
2896	18 
2897	15 
2898	98 135 
2899	47 
2900	20 86 
2901	103 
2902	29 
2903	2 
2904	2 
2905	86 
2906	132 
2907	19 140 
2908	151 
2909	91 129 
2910	145 
2911	18 
2912	17 
2913	18 
2914	62 
2915	127 
2916	133 151 
2917	24 
2918	109 
2919	47 109 
2920	45 146 
2921	98 
2922	151 
2923	151 
2924	109 121 
2925	124 
2926	122 
2927	148 
2928	38 
2929	58 
2930	32 
2931	77 
2932	129 
2933	147 
2934	47 
2935	86 
2936	104 
2937	104 
2938	19 81 
2939	140 
2940	47 
2941	116 
2942	123 
2943	66 
2944	45 
2945	45 
2946	33 
2947	132 
2948	105 135 
2949	137 
2950	29 
2951	78 
2952	6 
2953	47 
2954	18 110 
2955	91 
2956	96 
2957	2 
2958	138 
2959	114 
2960	122 
2961	44 
2962	92 99 
2963	68 
2964	135 
2965	19 76 
2966	38 
2967	52 138 
2968	116 
2969	62 
2970	125 
2971	27 
2972	25 
2973	44 
2974	29 
2975	54 77 
2976	127 
2977	19 
2978	103 
2979	1 5 
2980	131 
2981	78 
2982	100 
2983	58 
2984	44 
2985	8 
2986	124 
2987	140 
2988	68 
2989	104 
2990	114 
2991	52 76 
2992	92 107 
2993	91 
2994	116 
2995	140 
2996	1 
2997	132 
2998	2 
2999	104 133 
3000	133 
3001	132 
3002	29 
3003	25 107 
3004	144 
3005	11 
3006	132 
3007	107 
3008	3 114 
3009	12 
3010	12 
3011	19 
3012	2 
3013	99 133 
3014	124 
3015	4 
3016	103 
3017	100 
3018	61 
3019	26 
3020	124 
3021	24 
3022	8 18 
3023	145 
3024	138 
3025	151 
3026	109 
3027	127 
3028	86 
3029	109 
3030	127 
3031	38 
3032	151 
3033	23 
3034	77 109 
3035	151 
3036	104 
3037	109 
3038	16 
3039	71 
3040	63 
3041	127 129 
3042	122 
3043	39 
3044	1 
3045	53 
3046	100 
3047	129 
3048	53 123 
3049	76 
3050	113 
3051	3 122 
3052	11 
3053	18 
3054	150 
3055	44 52 
3056	53 
3057	65 
3058	61 
3059	105 
3060	26 
3061	86 
3062	17 
3063	46 
3064	140 
3065	110 
3066	103 
3067	8 120 
3068	5 
3069	5 17 
3070	134 
3071	150 
3072	14 15 
3073	44 
3074	1 
3075	100 
3076	105 
3077	15 
3078	142 
3079	83 
3080	77 
3081	18 
3082	27 
3083	138 
3084	53 
3085	140 
3086	61 
3087	11 
3088	55 
3089	53 
3090	132 
3091	116 
3092	15 
3093	54 112 
3094	27 
3095	104 
3096	117 135 
3097	151 
3098	100 
3099	78 
3100	96 
3101	129 151 
3102	61 110 
3103	116 
3104	38 
3105	120 
3106	111 
3107	102 
3108	109 
3109	16 
3110	60 
3111	45 
3112	52 121 
3113	123 
3114	120 
3115	5 
3116	5 
3117	69 
3118	131 
3119	32 
3120	91 
3121	136 
3122	125 
3123	151 
3124	92 
3125	71 124 
3126	84 
3127	5 
3128	44 
3129	112 
3130	132 
3131	109 
3132	29 103 
3133	142 
3134	106 
3135	23 
3136	109 
3137	124 
3138	51 
3139	57 
3140	53 
3141	105 
3142	92 
3143	145 
3144	37 
3145	15 
3146	5 
3147	46 
3148	11 
3149	47 106 
3150	70 
3151	114 
3152	129 
3153	105 
3154	27 145 
3155	3 
3156	138 
3157	113 
3158	101 114 
3159	82 
3160	72 
3161	92 
3162	91 
3163	84 
3164	116 
3165	20 
3166	70 
3167	53 
3168	86 
3169	25 
3170	2 
3171	25 
3172	109 
3173	58 
3174	50 
3175	9 
3176	123 
3177	105 
3178	129 
3179	115 
3180	61 
3181	58 
3182	90 
3183	18 
3184	112 
3185	50 
3186	147 
3187	4 32 
3188	138 
3189	133 
3190	103 140 
3191	52 
3192	124 
3193	25 
3194	98 
3195	124 
3196	104 
3197	103 
3198	18 95 
3199	151 
3200	135 
3201	101 
3202	145 
3203	24 
3204	35 
3205	84 
3206	138 
3207	122 
3208	23 
3209	9 
3210	72 122 
3211	80 
3212	103 
3213	2 
3214	100 
3215	25 
3216	104 
3217	84 
3218	135 
3219	110 
3220	82 
3221	5 
3222	38 
3223	51 
3224	19 
3225	68 
3226	3 
3227	121 
3228	98 
3229	151 
3230	32 
3231	18 
3232	105 109 
3233	4 
3234	21 29 
3235	1 32 
3236	64 
3237	143 
3238	129 
3239	31 
3240	76 
3241	12 
3242	132 
3243	127 
3244	21 
3245	55 91 
3246	130 
3247	2 
3248	49 114 
3249	127 
3250	31 
3251	133 
3252	145 
3253	129 
3254	112 
3255	25 
3256	114 
3257	132 
3258	153 
3259	116 
3260	47 
3261	25 
3262	29 
3263	92 
3264	103 
3265	153 
3266	54 
3267	109 
3268	77 122 
3269	94 
3270	120 
3271	52 
3272	32 53 
3273	17 127 
3274	76 
3275	9 
3276	1 
3277	104 
3278	44 
3279	29 
3280	52 110 
3281	67 
3282	86 
3283	113 
3284	77 
3285	38 
3286	19 111 
3287	15 
3288	129 
3289	47 153 
3290	69 149 
3291	98 
3292	76 138 
3293	23 
3294	121 
3295	75 
3296	61 
3297	8 
3298	1 
3299	61 
3300	78 
3301	114 
3302	135 
3303	1 124 
3304	151 
3305	3 
3306	76 
3307	109 
3308	42 
3309	78 
3310	110 
3311	151 
3312	89 
3313	2 
3314	38 
3315	92 
3316	5 
3317	25 
3318	25 
3319	32 
3320	5 
3321	47 
3322	17 120 
3323	144 
3324	1 140 
3325	52 110 
3326	83 
3327	86 109 
3328	11 
3329	47 
3330	3 
3331	112 
3332	113 
3333	113 
3334	102 
3335	6 
3336	37 76 
3337	129 
3338	17 137 
3339	121 
3340	53 140 
3341	143 
3342	15 
3343	138 
3344	137 
3345	127 
3346	86 
3347	130 
3348	19 
3349	109 
3350	35 
3351	31 
3352	124 
3353	58 
3354	129 
3355	63 
3356	150 
3357	3 
3358	32 
3359	9 
3360	15 
3361	11 
3362	77 
3363	102 
3364	100 
3365	98 
3366	109 
3367	1 10 
3368	17 
3369	150 
3370	40 
3371	19 
3372	47 92 
3373	98 112 
3374	27 
3375	33 
3376	56 
3377	61 104 
3378	47 
3379	151 
3380	26 
3381	92 
3382	11 
3383	144 
3384	41 
3385	27 
3386	32 
3387	99 
3388	78 
3389	20 
3390	155 
3391	45 
3392	64 
3393	91 132 
3394	19 89 
3395	29 
3396	99 
3397	91 
3398	151 
3399	98 
3400	32 
3401	98 
3402	91 
3403	76 
3404	129 
3405	8 132 
3406	100 
3407	99 
3408	91 140 
3409	142 
3410	32 
3411	18 
3412	100 
3413	60 
3414	122 
3415	2 
3416	103 
3417	32 
3418	44 
3419	122 
3420	31 
3421	124 
3422	123 
3423	124 
3424	110 
3425	23 
3426	98 
3427	70 
3428	11 
3429	75 
3430	21 52 
3431	52 
3432	13 
3433	125 
3434	47 
3435	38 
3436	140 
3437	99 
3438	112 
3439	3 
3440	77 
3441	31 
3442	4 
3443	61 
3444	5 
3445	132 
3446	52 
3447	63 
3448	61 
3449	32 77 
3450	35 61 
3451	53 
3452	53 
3453	50 
3454	129 
3455	38 44 
3456	94 
3457	104 
3458	1 108 
3459	114 
3460	146 
3461	22 
3462	21 
3463	76 
3464	58 
3465	133 
3466	15 
3467	122 
3468	93 145 
3469	123 
3470	73 
3471	49 
3472	147 
3473	127 
3474	1 149 
3475	123 
3476	134 
3477	6 
3478	151 
3479	70 
3480	45 
3481	58 
3482	55 145 
3483	151 
3484	110 
3485	98 
3486	17 
3487	122 
3488	135 
3489	140 
3490	130 
3491	53 
3492	138 
3493	68 
3494	53 113 
3495	22 
3496	110 142 
3497	96 
3498	123 
3499	45 
3500	1 
3501	45 
3502	77 
3503	57 
3504	147 
3505	129 
3506	104 
3507	32 
3508	98 104 
3509	30 
3510	49 
3511	150 
3512	73 
3513	127 
3514	121 
3515	109 151 
3516	32 
3517	77 
3518	99 
3519	151 
3520	23 35 
3521	1 114 
3522	8 
3523	6 
3524	138 
3525	33 
3526	145 
3527	140 
3528	32 
3529	42 
3530	100 
3531	2 
3532	101 
3533	6 72 
3534	86 
3535	8 
3536	92 
3537	124 
3538	13 
3539	123 
3540	2 
3541	1 
3542	80 114 
3543	57 
3544	112 
3545	6 
3546	104 
3547	52 
3548	151 
3549	104 137 
3550	104 
3551	18 
3552	32 
3553	124 
3554	57 
3555	77 
3556	132 
3557	132 
3558	49 
3559	110 
3560	98 
3561	98 
3562	66 
3563	97 
3564	49 
3565	133 
3566	33 
3567	23 32 
3568	92 
3569	61 
3570	32 
3571	72 
3572	124 
3573	110 
3574	43 
3575	122 
3576	32 
3577	70 
3578	5 100 
3579	129 
3580	91 
3581	101 
3582	155 
3583	15 58 
3584	129 
3585	105 
3586	105 
3587	10 
3588	124 
3589	124 
3590	58 
3591	82 
3592	35 130 
3593	57 
3594	3 
3595	150 
3596	17 61 
3597	1 
3598	32 
3599	5 50 
3600	1 
3601	1 58 
3602	132 150 
3603	2 
3604	54 
3605	151 
3606	130 
3607	111 
3608	58 
3609	129 
3610	55 
3611	145 
3612	122 
3613	124 135 
3614	103 145 
3615	132 
3616	35 
3617	151 
3618	70 
3619	86 
3620	98 
3621	65 
3622	25 
3623	151 
3624	120 
3625	6 
3626	110 
3627	11 129 
3628	99 
3629	90 
3630	23 
3631	61 
3632	15 
3633	94 
3634	61 
3635	127 
3636	1 
3637	113 
3638	151 
3639	142 
3640	151 
3641	104 
3642	31 
3643	47 
3644	101 
3645	45 
3646	58 85 
3647	60 
3648	127 
3649	5 
3650	35 
3651	6 117 
3652	148 
3653	70 
3654	103 
3655	23 
3656	13 
3657	1 
3658	61 140 
3659	113 
3660	5 
3661	120 
3662	132 
3663	98 
3664	132 
3665	93 
3666	61 
3667	129 143 
3668	114 137 
3669	29 32 
3670	65 
3671	76 
3672	35 
3673	19 
3674	122 
3675	98 
3676	110 
3677	100 
3678	124 
3679	52 
3680	26 
3681	49 
3682	92 
3683	77 
3684	32 
3685	5 
3686	98 
3687	54 103 
3688	43 
3689	15 
3690	23 
3691	57 
3692	77 
3693	48 116 
3694	49 
3695	145 
3696	91 
3697	45 
3698	104 116 
3699	77 104 
3700	104 
3701	42 151 
3702	5 
3703	91 
3704	28 
3705	100 
3706	23 52 
3707	6 
3708	1 
3709	103 
3710	16 
3711	79 81 
3712	8 45 
3713	71 
3714	38 
3715	122 
3716	42 
3717	61 
3718	124 
3719	3 
3720	52 
3721	138 
3722	100 
3723	95 
3724	103 
3725	32 
3726	57 
3727	33 
3728	151 
3729	10 
3730	127 
3731	113 
3732	17 
3733	89 
3734	1 68 
3735	15 129 
3736	49 
3737	140 
3738	112 
3739	25 
3740	99 
3741	112 
3742	134 
3743	32 
3744	153 
3745	5 121 
3746	46 
3747	5 61 
3748	51 
3749	98 123 
3750	124 
3751	14 53 
3752	127 
3753	129 
3754	3 129 
3755	124 
3756	111 
3757	71 
3758	93 
3759	23 
3760	24 
3761	132 
3762	99 
3763	53 
3764	89 
3765	45 
3766	54 
3767	4 
3768	89 
3769	123 
3770	32 
3771	17 
3772	49 
3773	93 
3774	68 
3775	53 
3776	19 
3777	86 
3778	116 
3779	3 
3780	69 
3781	32 
3782	47 
3783	27 
3784	60 127 
3785	124 
3786	61 
3787	6 
3788	57 
3789	142 
3790	124 
3791	114 
3792	37 
3793	149 
3794	5 
3795	18 
3796	98 
3797	6 
3798	38 
3799	45 
3800	83 
3801	47 122 
3802	47 
3803	103 
3804	61 
3805	71 
3806	32 
3807	132 
3808	114 
3809	23 
3810	23 137 
3811	47 
3812	98 
3813	42 
3814	53 
3815	22 
3816	38 
3817	47 
3818	117 
3819	124 139 
3820	48 
3821	104 
3822	127 
3823	58 138 
3824	13 
3825	89 
3826	122 
3827	58 
3828	121 
3829	32 
3830	132 
3831	81 
3832	124 
3833	100 155 
3834	114 
3835	35 
3836	140 
3837	47 150 
3838	129 
3839	129 
3840	114 
3841	43 
3842	18 
3843	138 
3844	105 
3845	100 
3846	145 
3847	99 
3848	73 
3849	57 98 
3850	17 
3851	41 
3852	89 
3853	98 
3854	39 
3855	42 
3856	9 
3857	6 
3858	107 
3859	16 
3860	35 
3861	114 
3862	86 
3863	98 
3864	38 89 
3865	29 
3866	44 
3867	17 
3868	130 
3869	104 
3870	29 
3871	27 42 
3872	124 
3873	70 
3874	123 
3875	39 
3876	133 
3877	100 
3878	151 
3879	6 
3880	151 
3881	27 
3882	129 
3883	91 
3884	63 
3885	53 
3886	1 
3887	53 
3888	8 130 
3889	1 
3890	132 
3891	81 116 
3892	44 
3893	135 
3894	77 151 
3895	98 
3896	77 
3897	123 
3898	148 
3899	1 
3900	142 
3901	123 
3902	6 
3903	110 
3904	76 
3905	113 
3906	109 
3907	110 
3908	68 102 
3909	47 
3910	52 
3911	132 150 
3912	61 
3913	38 
3914	102 
3915	53 98 
3916	18 
3917	91 
3918	101 
3919	42 112 
3920	61 
3921	130 
3922	150 
3923	89 
3924	29 100 
3925	56 
3926	124 
3927	14 144 
3928	47 
3929	65 
3930	101 
3931	42 
3932	47 
3933	148 
3934	150 
3935	132 
3936	23 
3937	48 
3938	72 
3939	38 
3940	129 
3941	84 
3942	8 
3943	61 103 
3944	78 
3945	9 77 
3946	37 
3947	123 
3948	71 
3949	111 129 
3950	24 
3951	120 
3952	52 
3953	151 
3954	154 
3955	61 
3956	92 
3957	53 
3958	151 
3959	127 129 
3960	123 
3961	119 
3962	17 
3963	5 
3964	106 
3965	94 
3966	124 
3967	26 
3968	53 
3969	47 
3970	54 
3971	49 
3972	91 104 
3973	65 
3974	137 
3975	136 
3976	140 
3977	120 
3978	124 
3979	11 
3980	3 
3981	127 
3982	54 
3983	6 
3984	112 
3985	25 
3986	124 
3987	109 
3988	31 
3989	122 
3990	32 
3991	150 
3992	145 
3993	129 
3994	10 142 
3995	1 
3996	91 
3997	76 
3998	113 
3999	38 122 
4000	103 
4001	151 
4002	47 
4003	53 
4004	112 
4005	98 
4006	5 
4007	62 
4008	53 122 
4009	145 
4010	18 
4011	44 
4012	5 47 
4013	53 
4014	65 
4015	124 
4016	115 124 
4017	29 
4018	130 
4019	150 
4020	132 
4021	48 138 
4022	17 
4023	47 
4024	107 
4025	129 
4026	46 
4027	9 
4028	65 
4029	22 98 
4030	112 
4031	18 
4032	29 45 
4033	124 
4034	95 
4035	63 
4036	17 
4037	135 
4038	138 
4039	84 
4040	75 
4041	98 
4042	101 
4043	109 
4044	95 
4045	99 
4046	47 
4047	98 
4048	109 
4049	6 
4050	125 
4051	18 
4052	1 
4053	17 
4054	106 
4055	47 
4056	22 
4057	52 
4058	140 
4059	70 114 
4060	2 
4061	124 
4062	100 
4063	122 
4064	23 
4065	124 
4066	83 
4067	140 
4068	18 
4069	17 
4070	19 33 
4071	154 
4072	66 
4073	62 
4074	33 
4075	29 
4076	127 
4077	86 
4078	106 
4079	49 
4080	41 
4081	109 
4082	151 
4083	27 
4084	25 
4085	107 109 
4086	110 
4087	137 
4088	17 
4089	53 
4090	70 
4091	103 
4092	110 
4093	132 
4094	61 110 
4095	15 
4096	95 
4097	104 
4098	123 
4099	98 
4100	72 
4101	91 
4102	145 
4103	61 
4104	122 
4105	49 
4106	47 103 
4107	45 
4108	69 
4109	110 
4110	17 109 
4111	17 
4112	2 
4113	109 
4114	122 
4115	123 
4116	98 
4117	104 
4118	132 
4119	151 
4120	53 
4121	150 
4122	143 
4123	133 
4124	38 
4125	47 
4126	114 
4127	38 
4128	111 
4129	133 151 
4130	28 
4131	31 
4132	1 
4133	123 
4134	12 
4135	47 
4136	110 
4137	110 
4138	134 
4139	47 
4140	49 
4141	11 
4142	98 
4143	77 
4144	92 
4145	57 
4146	86 
4147	124 
4148	113 
4149	62 
4150	134 
4151	72 
4152	142 
4153	21 53 
4154	109 
4155	99 
4156	17 
4157	92 
4158	45 64 
4159	122 
4160	113 
4161	84 
4162	53 
4163	102 
4164	61 
4165	46 
4166	38 
4167	114 
4168	17 127 
4169	31 
4170	109 
4171	47 134 
4172	77 
4173	98 
4174	113 
4175	42 
4176	75 
4177	148 
4178	120 
4179	91 
4180	76 
4181	127 
4182	11 22 
4183	142 
4184	2 
4185	18 151 
4186	32 
4187	115 
4188	31 
4189	128 151 
4190	32 
4191	11 
4192	35 
4193	53 
4194	65 
4195	29 
4196	104 
4197	155 
4198	47 
4199	101 
4200	16 
4201	122 
4202	29 
4203	6 
4204	145 147 
4205	38 
4206	91 
4207	116 
4208	132 
4209	91 98 
4210	127 
4211	109 
4212	25 102 
4213	29 
4214	61 135 
4215	127 
4216	103 
4217	8 
4218	58 
4219	61 
4220	23 127 
4221	97 
4222	78 
4223	135 
4224	32 
4225	92 
4226	120 
4227	11 72 
4228	135 
4229	109 
4230	19 
4231	103 
4232	105 
4233	4 
4234	53 
4235	129 
4236	110 
4237	122 
4238	116 
4239	61 132 
4240	84 
4241	35 
4242	23 
4243	124 
4244	5 
4245	110 
4246	6 
4247	77 
4248	26 
4249	43 
4250	50 
4251	17 
4252	22 
4253	32 
4254	105 
4255	127 
4256	66 77 
4257	29 
4258	151 
4259	32 
4260	18 
4261	89 
4262	93 109 
4263	77 
4264	58 
4265	145 
4266	135 
4267	53 
4268	122 
4269	8 
4270	31 
4271	58 
4272	95 
4273	58 
4274	38 
4275	65 
4276	122 
4277	98 
4278	92 
4279	149 
4280	30 
4281	116 
4282	154 
4283	127 
4284	18 
4285	56 
4286	119 
4287	53 132 
4288	32 
4289	12 
4290	105 
4291	5 
4292	61 
4293	150 
4294	2 
4295	60 
4296	45 
4297	16 
4298	110 
4299	91 
4300	61 
4301	145 
4302	22 
4303	151 
4304	76 
4305	88 110 
4306	32 
4307	132 
4308	127 
4309	81 
4310	32 
4311	121 
4312	140 
4313	142 
4314	99 
4315	91 
4316	150 
4317	132 
4318	103 122 
4319	124 
4320	117 
4321	145 
4322	32 
4323	114 
4324	78 
4325	19 
4326	57 98 
4327	77 
4328	11 
4329	18 
4330	6 
4331	6 
4332	151 
4333	1 
4334	114 
4335	61 113 
4336	32 
4337	91 
4338	144 
4339	101 
4340	114 
4341	103 
4342	110 
4343	102 
4344	16 
4345	53 
4346	143 151 
4347	97 
4348	62 
4349	129 
4350	112 
4351	143 
4352	8 
4353	9 
4354	109 
4355	29 154 
4356	6 
4357	100 
4358	77 
4359	92 
4360	123 
4361	103 
4362	43 
4363	1 
4364	105 
4365	58 114 
4366	151 
4367	123 
4368	53 
4369	54 
4370	32 
4371	129 
4372	104 
4373	109 
4374	65 
4375	91 
4376	120 
4377	25 
4378	2 
4379	142 
4380	61 
4381	12 90 
4382	6 
4383	109 
4384	114 
4385	116 
4386	42 
4387	93 
4388	104 
4389	124 
4390	104 
4391	84 
4392	124 
4393	52 
4394	95 
4395	26 
4396	76 
4397	70 
4398	41 
4399	88 
4400	58 61 
4401	21 
4402	19 
4403	129 
4404	151 
4405	130 
4406	77 
4407	15 
4408	100 
4409	116 
4410	86 
4411	38 
4412	66 
4413	46 
4414	102 
4415	111 
4416	61 
4417	140 
4418	151 
4419	129 151 
4420	105 
4421	138 
4422	123 
4423	102 120 
4424	52 
4425	56 
4426	55 
4427	76 
4428	4 
4429	98 
4430	132 
4431	132 145 
4432	5 
4433	58 
4434	122 
4435	17 
4436	3 
4437	113 
4438	12 
4439	23 
4440	132 
4441	127 
4442	17 
4443	147 
4444	100 
4445	58 100 
4446	91 
4447	104 
4448	151 
4449	107 
4450	145 
4451	103 
4452	47 
4453	127 
4454	53 
4455	15 44 
4456	129 
4457	22 86 
4458	52 
4459	5 
4460	104 
4461	97 
4462	99 
4463	53 
4464	53 
4465	102 
4466	82 133 
4467	1 16 
4468	29 145 
4469	102 109 
4470	120 
4471	39 
4472	103 
4473	154 
4474	31 
4475	66 
4476	91 
4477	133 
4478	123 149 
4479	45 
4480	22 
4481	25 
4482	75 123 
4483	46 
4484	145 
4485	20 
4486	127 
4487	61 
4488	9 
4489	116 
4490	70 98 
4491	63 
4492	5 92 
4493	104 
4494	91 
4495	77 
4496	116 
4497	123 
4498	18 57 
4499	155 
4500	94 
4501	151 
4502	6 109 
4503	123 
4504	15 104 
4505	1 
4506	57 
4507	150 
4508	122 
4509	143 
4510	129 
4511	47 
4512	151 
4513	109 
4514	132 
4515	124 
4516	33 
4517	15 
4518	151 
4519	102 
4520	117 
4521	124 
4522	1 
4523	24 
4524	61 
4525	151 
4526	46 
4527	32 122 
4528	86 
4529	114 
4530	17 
4531	66 
4532	117 
4533	25 
4534	23 
4535	103 
4536	103 
4537	47 
4538	120 
4539	70 
4540	55 
4541	150 
4542	66 
4543	111 
4544	143 
4545	61 
4546	6 
4547	23 
4548	53 
4549	72 
4550	6 
4551	58 
4552	38 70 
4553	47 
4554	19 
4555	47 
4556	132 
4557	113 
4558	27 
4559	117 149 
4560	145 
4561	15 
4562	116 
4563	129 
4564	27 
4565	122 
4566	124 
4567	142 
4568	103 
4569	138 
4570	25 
4571	53 
4572	39 
4573	52 
4574	140 151 
4575	60 
4576	93 
4577	1 
4578	100 
4579	110 
4580	113 
4581	121 
4582	76 
4583	135 
4584	48 
4585	132 
4586	45 
4587	1 
4588	132 
4589	149 
4590	132 
4591	109 
4592	103 
4593	72 
4594	17 
4595	61 
4596	109 
4597	52 
4598	151 
4599	19 
4600	150 
4601	17 138 
4602	151 
4603	86 
4604	140 
4605	99 
4606	3 
4607	122 
4608	103 
4609	46 
4610	1 
4611	114 
4612	29 
4613	127 
4614	112 
4615	24 
4616	138 
4617	52 
4618	81 
4619	113 
4620	103 
4621	45 61 
4622	42 
4623	15 
4624	129 
4625	95 
4626	13 
4627	129 
4628	77 
4629	98 105 
4630	58 
4631	5 
4632	15 
4633	101 
4634	81 
4635	98 
4636	127 
4637	132 
4638	138 
4639	92 
4640	61 
4641	19 77 
4642	55 
4643	49 
4644	5 84 
4645	127 
4646	45 
4647	22 
4648	132 
4649	12 
4650	52 
4651	61 
4652	155 
4653	100 
4654	77 
4655	82 
4656	54 
4657	47 
4658	121 
4659	68 
4660	123 
4661	122 
4662	61 
4663	45 
4664	49 109 
4665	75 
4666	5 
4667	39 
4668	17 58 
4669	114 
4670	2 61 
4671	150 
4672	133 
4673	61 
4674	135 
4675	135 
4676	94 
4677	6 
4678	54 
4679	102 
4680	99 
4681	98 
4682	65 
4683	32 109 
4684	77 
4685	88 
4686	105 
4687	5 
4688	137 
4689	122 
4690	71 
4691	83 151 
4692	120 
4693	77 
4694	142 
4695	81 
4696	124 
4697	61 
4698	52 
4699	23 
4700	8 14 
4701	6 
4702	93 
4703	123 
4704	6 
4705	66 
4706	132 
4707	92 
4708	92 
4709	150 
4710	104 
4711	2 
4712	38 
4713	95 
4714	99 
4715	97 
4716	123 
4717	1 
4718	6 
4719	123 
4720	77 133 
4721	6 
4722	133 
4723	127 
4724	1 
4725	6 
4726	113 
4727	95 
4728	22 
4729	12 
4730	95 
4731	58 
4732	114 
4733	109 
4734	15 
4735	138 
4736	107 
4737	132 
4738	151 
4739	5 
4740	35 
4741	140 
4742	86 
4743	6 
4744	91 132 
4745	116 
4746	65 
4747	91 
4748	5 
4749	61 
4750	102 
4751	17 
4752	154 
4753	47 
4754	120 
4755	89 
4756	8 
4757	129 
4758	140 
4759	127 
4760	115 
4761	6 
4762	48 
4763	71 
4764	92 
4765	114 
4766	109 135 
4767	72 
4768	61 
4769	151 
4770	129 
4771	25 
4772	38 
4773	129 
4774	58 
4775	114 
4776	120 
4777	120 
4778	123 
4779	6 
4780	146 
4781	92 
4782	43 
4783	103 
4784	124 
4785	123 
4786	104 
4787	122 
4788	43 
4789	53 
4790	116 
4791	122 
4792	25 
4793	138 
4794	124 
4795	114 
4796	129 
4797	6 38 
4798	91 
4799	105 113 
4800	50 
4801	45 
4802	11 
4803	19 
4804	19 
4805	103 
4806	151 
4807	70 
4808	3 
4809	142 
4810	29 
4811	47 
4812	8 
4813	38 102 
4814	132 
4815	91 
4816	27 110 
4817	123 
4818	151 
4819	92 
4820	142 
4821	98 
4822	91 
4823	86 
4824	134 140 
4825	91 
4826	153 
4827	129 
4828	151 
4829	18 
4830	151 
4831	52 
4832	52 
4833	113 
4834	8 127 
4835	92 
4836	122 
4837	4 
4838	19 
4839	52 
4840	110 
4841	97 
4842	31 
4843	151 
4844	113 
4845	144 
4846	92 
4847	18 
4848	95 
4849	32 
4850	14 
4851	14 
4852	30 
4853	38 
4854	124 
4855	100 
4856	76 
4857	145 
4858	149 
4859	54 
4860	123 
4861	8 
4862	109 
4863	127 
4864	3 
4865	123 
4866	103 
4867	154 
4868	55 145 
4869	45 
4870	57 
4871	129 
4872	104 
4873	47 
4874	1 15 
4875	113 
4876	99 
4877	124 
4878	102 
4879	147 
4880	78 
4881	98 
4882	61 
4883	113 
4884	109 
4885	3 
4886	91 
4887	114 
4888	58 
4889	55 
4890	83 
4891	129 
4892	3 
4893	114 
4894	4 
4895	22 
4896	6 25 
4897	9 
4898	55 
4899	122 127 
4900	65 
4901	61 
4902	151 
4903	138 
4904	91 
4905	53 
4906	29 61 
4907	155 
4908	138 
4909	86 103 
4910	25 
4911	121 
4912	81 
4913	48 
4914	25 
4915	26 
4916	19 
4917	70 
4918	144 
4919	77 
4920	127 
4921	13 
4922	27 
4923	110 
4924	132 
4925	97 
4926	30 
4927	150 
4928	6 127 
4929	1 
4930	61 
4931	68 
4932	114 
4933	120 
4934	123 
4935	145 
4936	104 
4937	91 142 
4938	71 
4939	81 
4940	123 
4941	91 
4942	37 
4943	47 
4944	6 
4945	91 
4946	61 
4947	103 
4948	133 
4949	25 
4950	1 38 
4951	72 
4952	151 
4953	23 47 
4954	148 
4955	125 
4956	142 
4957	6 
4958	127 
4959	81 
4960	54 
4961	39 
4962	102 
4963	136 
4964	45 
4965	19 
4966	104 155 
4967	99 
4968	123 
4969	137 
4970	132 
4971	3 
4972	3 
4973	130 
4974	1 86 
4975	146 
4976	120 
4977	53 
4978	3 
4979	25 
4980	32 
4981	72 
4982	61 
4983	93 
4984	66 
4985	100 150 
4986	98 
4987	25 
4988	52 93 
4989	150 
4990	47 
4991	127 
4992	121 
4993	142 
4994	149 
4995	100 
4996	65 
4997	109 
4998	4 
4999	132 
5000	2 
5001	17 146 
5002	6 
5003	104 
5004	134 
5005	32 
5006	15 
5007	1 3 
5008	100 
5009	107 
5010	29 
5011	98 
5012	135 
5013	130 
5014	103 110 
5015	151 
5016	35 127 
5017	47 
5018	53 
5019	145 
5020	38 65 
5021	8 113 
5022	8 
5023	35 44 
5024	132 
5025	25 
5026	53 
5027	63 
5028	89 
5029	111 
5030	38 110 
5031	84 
5032	81 
5033	100 
5034	25 120 
5035	45 
5036	47 
5037	92 
5038	2 6 
5039	61 
5040	127 
5041	101 150 
5042	132 
5043	31 123 
5044	1 53 
5045	1 
5046	127 
5047	89 99 
5048	45 
5049	61 
5050	117 
5051	13 
5052	121 
5053	103 
5054	53 
5055	147 
5056	129 
5057	110 
5058	145 
5059	112 
5060	121 
5061	109 
5062	114 
5063	110 138 
5064	151 
5065	116 
5066	5 17 
5067	77 
5068	144 
5069	151 
5070	52 106 
5071	54 
5072	72 
5073	27 52 
5074	19 
5075	151 
5076	123 
5077	1 142 
5078	5 
5079	22 
5080	6 
5081	116 
5082	110 
5083	140 
5084	138 
5085	92 
5086	8 145 
5087	137 
5088	144 
5089	109 
5090	65 
5091	113 
5092	123 
5093	3 
5094	140 
5095	15 
5096	11 
5097	82 
5098	1 47 
5099	150 
5100	147 
5101	31 129 
5102	54 
5103	61 
5104	52 
5105	7 99 
5106	98 141 
5107	35 
5108	140 
5109	27 44 
5110	6 
5111	8 
5112	30 
5113	1 
5114	5 
5115	11 
5116	77 
5117	18 113 
5118	105 124 
5119	9 
5120	35 
5121	44 
5122	72 
5123	134 
5124	18 145 
5125	101 
5126	91 
5127	132 
5128	2 151 
5129	94 
5130	132 
5131	70 
5132	6 
5133	27 
5134	43 
5135	32 
5136	112 
5137	55 
5138	113 
5139	151 
5140	127 
5141	60 
5142	77 
5143	52 
5144	6 
5145	112 
5146	99 
5147	127 
5148	114 
5149	77 
5150	138 
5151	110 
5152	35 
5153	142 
5154	19 
5155	58 
5156	57 
5157	61 
5158	140 
5159	47 
5160	117 
5161	130 
5162	65 
5163	6 
5164	47 
5165	5 
5166	124 
5167	44 53 
5168	91 123 
5169	73 
5170	17 
5171	31 
5172	83 
5173	19 
5174	99 
5175	69 
5176	2 114 
5177	45 
5178	138 
5179	77 145 
5180	142 
5181	5 
5182	77 
5183	25 
5184	122 
5185	6 
5186	99 
5187	38 
5188	45 52 
5189	91 
5190	77 
5191	58 
5192	91 
5193	129 
5194	55 
5195	30 91 
5196	61 
5197	19 
5198	6 
5199	10 
5200	1 
5201	127 
5202	151 
5203	45 
5204	32 
5205	35 
5206	2 
5207	71 
5208	123 
5209	103 
5210	53 
5211	102 
5212	103 
5213	73 
5214	103 
5215	52 
5216	6 
5217	17 
5218	98 
5219	102 
5220	114 
5221	66 
5222	116 
5223	140 
5224	122 
5225	136 
5226	54 
5227	28 53 
5228	133 
5229	113 
5230	11 
5231	91 101 
5232	109 
5233	104 
5234	68 
5235	122 
5236	38 
5237	32 138 
5238	106 
5239	20 
5240	98 
5241	151 
5242	77 
5243	65 72 
5244	144 
5245	147 
5246	133 
5247	151 
5248	114 
5249	17 95 
5250	6 
5251	6 
5252	52 
5253	27 
5254	113 
5255	8 
5256	53 
5257	120 
5258	6 
5259	99 
5260	10 
5261	102 
5262	25 
5263	11 
5264	3 
5265	15 
5266	52 
5267	110 
5268	61 
5269	21 76 
5270	135 
5271	93 
5272	29 
5273	110 
5274	127 
5275	1 
5276	45 
5277	121 
5278	127 
5279	54 
5280	8 
5281	53 
5282	54 
5283	140 
5284	146 
5285	151 
5286	103 
5287	14 
5288	47 
5289	135 
5290	124 
5291	145 
5292	17 
5293	47 76 
5294	32 
5295	2 32 
5296	92 
5297	75 
5298	61 81 
5299	77 
5300	32 
5301	144 
5302	38 71 
5303	129 
5304	18 124 
5305	35 
5306	87 130 
5307	21 
5308	30 
5309	135 
5310	122 
5311	25 
5312	18 
5313	98 
5314	27 
5315	132 
5316	12 
5317	27 
5318	70 113 
5319	27 
5320	53 
5321	97 
5322	101 
5323	53 
5324	114 
5325	142 
5326	129 
5327	142 
5328	21 
5329	4 
5330	83 
5331	30 
5332	132 
5333	76 
5334	83 
5335	110 
5336	142 
5337	102 
5338	145 
5339	107 
5340	140 
5341	110 
5342	145 
5343	103 105 
5344	58 
5345	11 
5346	123 
5347	18 
5348	124 
5349	124 
5350	42 77 
5351	52 
5352	144 
5353	151 
5354	91 
5355	99 
5356	5 
5357	103 121 
5358	1 
5359	22 
5360	68 
5361	129 
5362	133 
5363	34 113 
5364	25 
5365	65 
5366	14 55 
5367	76 
5368	25 
5369	106 
5370	93 
5371	144 
5372	17 
5373	53 
5374	57 71 
5375	129 140 
5376	45 137 
5377	109 
5378	69 
5379	77 142 
5380	122 
5381	77 
5382	123 
5383	145 
5384	2 
5385	100 
5386	47 
5387	55 100 
5388	113 
5389	127 
5390	54 
5391	73 
5392	113 
5393	93 98 
5394	8 
5395	2 77 
5396	56 127 
5397	154 
5398	91 
5399	25 
5400	98 
5401	103 
5402	5 
5403	68 
5404	98 
5405	2 5 
5406	110 
5407	122 
5408	23 
5409	142 
5410	133 
5411	72 
5412	57 
5413	116 
5414	123 
5415	47 
5416	71 105 
5417	38 44 
5418	53 
5419	129 
5420	138 
5421	69 70 
5422	25 
5423	91 
5424	86 
5425	53 
5426	77 
5427	94 
5428	61 
5429	76 
5430	123 
5431	2 
5432	77 
5433	47 
5434	17 
5435	19 
5436	88 
5437	114 
5438	122 
5439	22 
5440	11 
5441	98 
5442	53 
5443	5 
5444	11 
5445	150 
5446	1 
5447	29 
5448	112 
5449	54 
5450	144 
5451	89 
5452	151 
5453	129 
5454	120 
5455	61 
5456	110 
5457	18 
5458	123 
5459	103 
5460	81 
5461	5 
5462	5 
5463	6 
5464	132 
5465	4 
5466	72 137 
5467	6 
5468	145 
5469	122 
5470	8 
5471	135 
5472	110 
5473	25 
5474	83 
5475	18 
5476	113 
5477	127 
5478	110 
5479	32 45 
5480	109 
5481	71 145 
5482	140 
5483	21 
5484	53 109 
5485	58 
5486	6 
5487	101 
5488	121 145 
5489	122 
5490	11 
5491	132 
5492	142 
5493	129 
5494	39 
5495	45 
5496	3 124 
5497	10 
5498	132 
5499	35 127 
5500	54 
5501	99 
5502	151 
5503	113 
5504	9 
5505	135 
5506	61 
5507	38 
5508	45 
5509	103 140 
5510	122 
5511	32 
5512	41 54 
5513	116 
5514	54 
5515	61 
5516	98 102 
5517	81 
5518	29 
5519	66 
5520	25 
5521	124 
5522	35 52 
5523	100 
5524	18 
5525	25 
5526	58 
5527	77 
5528	110 
5529	10 
5530	91 
5531	132 
5532	20 
5533	33 
5534	61 91 
5535	8 
5536	52 123 
5537	89 
5538	38 61 
5539	5 
5540	58 
5541	32 
5542	142 
5543	77 
5544	132 
5545	53 
5546	124 
5547	109 
5548	104 
5549	44 106 
5550	105 
5551	43 
5552	98 
5553	122 
5554	52 110 
5555	32 
5556	140 
5557	54 
5558	140 
5559	32 
5560	52 
5561	122 
5562	53 114 
5563	1 102 
5564	100 
5565	31 
5566	151 
5567	32 
5568	38 61 
5569	150 
5570	95 
5571	113 134 
5572	15 
5573	123 
5574	27 
5575	50 
5576	107 
5577	47 
5578	99 
5579	103 
5580	38 
5581	109 
5582	122 
5583	86 
5584	5 
5585	55 83 
5586	98 
5587	129 132 
5588	109 
5589	1 29 
5590	114 
5591	151 
5592	130 
5593	103 
5594	81 
5595	101 
5596	6 
5597	112 
5598	93 
5599	3 
5600	47 77 
5601	101 
5602	53 84 
5603	53 
5604	123 
5605	53 
5606	92 
5607	93 
5608	150 
5609	91 
5610	98 100 
5611	17 
5612	117 
5613	127 
5614	142 
5615	66 
5616	122 
5617	142 
5618	77 
5619	86 
5620	5 
5621	107 
5622	144 
5623	133 
5624	45 
5625	49 
5626	8 
5627	6 
5628	127 
5629	76 97 
5630	140 
5631	65 
5632	5 
5633	98 
5634	22 132 
5635	11 
5636	25 
5637	95 
5638	86 
5639	98 
5640	26 
5641	76 
5642	109 152 
5643	127 
5644	104 138 
5645	109 
5646	110 
5647	120 
5648	77 
5649	86 
5650	127 
5651	113 
5652	84 130 
5653	29 
5654	77 
5655	17 
5656	71 
5657	17 
5658	32 
5659	142 
5660	73 
5661	14 
5662	124 
5663	135 
5664	6 112 
5665	106 
5666	53 102 
5667	5 
5668	24 
5669	9 100 
5670	98 130 
5671	71 
5672	18 
5673	11 47 
5674	134 
5675	9 
5676	103 117 
5677	105 
5678	15 
5679	149 
5680	6 
5681	47 108 
5682	140 
5683	99 
5684	106 
5685	17 
5686	130 
5687	107 151 
5688	154 
5689	129 
5690	2 
5691	100 
5692	142 
5693	24 
5694	72 151 
5695	103 
5696	2 69 
5697	84 
5698	144 
5699	102 
5700	23 102 
5701	52 
5702	91 
5703	114 
5704	123 
5705	77 
5706	52 
5707	91 
5708	124 133 
5709	122 
5710	151 
5711	123 
5712	81 
5713	145 
5714	105 
5715	98 103 
5716	77 
5717	35 
5718	15 27 
5719	35 104 
5720	138 153 
5721	52 
5722	77 130 
5723	102 
5724	151 
5725	97 
5726	58 
5727	14 77 
5728	121 
5729	17 
5730	99 
5731	142 
5732	27 
5733	8 
5734	33 99 
5735	17 
5736	30 
5737	46 
5738	61 
5739	138 
5740	73 
5741	17 
5742	1 
5743	68 
5744	95 
5745	6 98 
5746	2 
5747	26 
5748	5 114 
5749	32 
5750	42 52 
5751	6 
5752	58 
5753	77 
5754	18 
5755	61 
5756	76 
5757	54 
5758	151 
5759	89 
5760	84 
5761	98 
5762	5 
5763	35 
5764	54 
5765	6 
5766	113 
5767	25 
5768	100 
5769	123 
5770	102 
5771	23 
5772	29 
5773	103 
5774	107 
5775	103 
5776	135 
5777	1 
5778	105 149 
5779	106 
5780	145 
5781	19 
5782	129 
5783	44 
5784	103 
5785	75 
5786	45 
5787	60 138 
5788	11 
5789	8 
5790	17 
5791	89 
5792	22 
5793	89 
5794	140 
5795	24 
5796	121 
5797	122 
5798	133 
5799	84 
5800	150 
5801	86 
5802	113 
5803	103 
5804	29 
5805	107 
5806	29 
5807	123 
5808	5 17 
5809	132 
5810	9 
5811	6 
5812	61 
5813	132 
5814	78 
5815	5 
5816	114 
5817	101 
5818	137 
5819	142 
5820	72 
5821	49 
5822	54 
5823	129 
5824	110 
5825	61 
5826	15 
5827	95 
5828	58 
5829	122 
5830	124 
5831	53 
5832	58 
5833	113 
5834	92 
5835	78 129 
5836	19 
5837	77 
5838	77 
5839	1 
5840	133 
5841	110 
5842	53 
5843	61 
5844	127 
5845	132 
5846	105 
5847	77 
5848	18 145 
5849	45 
5850	2 
5851	150 
5852	10 
5853	32 
5854	120 
5855	92 
5856	6 
5857	144 
5858	58 
5859	122 
5860	18 
5861	138 
5862	89 
5863	25 86 
5864	47 
5865	147 
5866	17 144 
5867	109 
5868	101 
5869	53 
5870	6 
5871	104 
5872	92 
5873	113 
5874	43 
5875	6 
5876	155 
5877	142 
5878	147 
5879	91 
5880	129 145 
5881	150 151 
5882	6 
5883	38 
5884	5 
5885	53 145 
5886	109 124 
5887	30 
5888	91 
5889	61 
5890	53 
5891	31 38 
5892	61 109 
5893	1 
5894	99 
5895	18 
5896	52 
5897	68 
5898	25 
5899	109 
5900	9 
5901	112 
5902	103 
5903	27 
5904	101 
5905	44 
5906	3 
5907	77 
5908	47 
5909	13 129 
5910	150 
5911	86 112 
5912	61 133 
5913	49 
5914	100 
5915	129 
5916	99 
5917	52 
5918	47 
5919	33 
5920	132 
5921	47 142 
5922	113 
5923	84 
5924	25 
5925	92 137 
5926	5 
5927	123 150 
5928	124 
5929	1 
5930	44 133 
5931	27 
5932	1 
5933	113 
5934	5 
5935	112 
5936	60 
5937	154 
5938	98 
5939	99 
5940	15 
5941	132 
5942	58 
5943	53 
5944	116 
5945	17 
5946	43 
5947	104 
5948	2 28 
5949	123 
5950	73 
5951	29 
5952	76 
5953	151 
5954	93 
5955	132 
5956	124 
5957	114 
5958	52 
5959	44 
5960	18 99 
5961	121 154 
5962	142 
5963	13 
5964	61 
5965	114 138 
5966	92 
5967	58 
5968	76 
5969	103 
5970	112 
5971	77 
5972	72 
5973	65 
5974	100 
5975	107 109 
5976	114 
5977	58 
5978	132 
5979	6 
5980	116 
5981	135 136 
5982	76 88 
5983	58 
5984	61 
5985	44 122 
5986	10 
5987	10 22 
5988	17 
5989	77 
5990	95 
5991	104 
5992	61 
5993	123 
5994	105 
5995	114 
5996	110 
5997	113 
5998	114 
5999	6 
6000	98 
6001	71 
6002	114 
6003	29 
6004	5 
6005	107 
6006	123 
6007	17 
6008	13 
6009	98 
6010	151 
6011	26 
6012	109 
6013	138 
6014	4 
6015	30 
6016	77 
6017	44 
6018	99 
6019	105 
6020	47 
6021	4 
6022	1 
6023	15 
6024	109 
6025	35 
6026	100 132 
6027	54 
6028	133 
6029	32 
6030	70 
6031	124 
6032	11 
6033	94 
6034	109 
6035	53 
6036	32 
6037	122 
6038	25 
6039	109 
6040	124 140 
6041	61 132 
6042	23 
6043	60 
6044	52 
6045	27 
6046	17 
6047	127 
6048	8 
6049	17 106 
6050	12 100 
6051	38 
6052	15 
6053	53 
6054	150 
6055	129 
6056	117 
6057	32 
6058	73 
6059	103 145 
6060	132 
6061	70 
6062	32 
6063	89 
6064	8 
6065	122 
6066	61 
6067	149 
6068	10 
6069	106 
6070	92 
6071	5 29 
6072	100 
6073	100 
6074	151 
6075	88 112 
6076	124 
6077	53 81 
6078	151 
6079	1 127 
6080	8 29 
6081	29 
6082	99 
6083	124 
6084	122 
6085	121 
6086	114 
6087	101 
6088	145 
6089	8 
6090	4 
6091	26 
6092	145 
6093	105 
6094	47 
6095	58 
6096	5 44 
6097	58 
6098	102 
6099	123 
6100	52 
6101	102 
6102	4 
6103	127 
6104	92 
6105	45 
6106	5 
6107	109 
6108	110 
6109	124 
6110	18 
6111	91 
6112	15 
6113	52 76 
6114	8 
6115	72 
6116	114 
6117	38 
6118	124 
6119	53 
6120	15 
6121	25 
6122	113 
6123	150 
6124	65 
6125	104 113 
6126	6 
6127	127 
6128	30 
6129	29 
6130	102 
6131	88 
6132	116 
6133	95 
6134	113 
6135	3 49 
6136	49 
6137	44 
6138	68 120 
6139	112 
6140	91 
6141	6 
6142	52 
6143	104 
6144	92 
6145	127 
6146	109 
6147	6 
6148	145 
6149	6 
6150	99 
6151	38 107 
6152	142 
6153	127 
6154	124 
6155	102 112 
6156	123 
6157	137 
6158	91 
6159	136 142 
6160	27 
6161	53 
6162	103 
6163	9 70 
6164	124 
6165	6 
6166	8 
6167	95 
6168	19 
6169	70 
6170	137 
6171	22 
6172	8 
6173	6 
6174	130 142 
6175	142 
6176	32 
6177	94 
6178	4 
6179	123 
6180	5 
6181	81 
6182	76 97 
6183	1 
6184	121 
6185	124 
6186	32 38 
6187	140 
6188	104 
6189	6 
6190	17 
6191	25 
6192	91 
6193	99 
6194	124 
6195	98 124 
6196	107 
6197	38 
6198	94 
6199	83 
6200	144 
6201	142 
6202	105 
6203	92 
6204	38 
6205	129 
6206	17 
6207	47 
6208	116 
6209	18 
6210	17 
6211	9 
6212	140 
6213	52 
6214	151 
6215	98 
6216	73 
6217	138 
6218	102 
6219	110 
6220	120 
6221	86 142 
6222	92 
6223	6 
6224	110 
6225	17 
6226	121 
6227	13 
6228	133 
6229	8 
6230	3 
6231	77 
6232	143 
6233	15 
6234	32 
6235	1 
6236	113 123 
6237	17 
6238	122 
6239	27 
6240	114 
6241	72 
6242	124 
6243	42 
6244	86 
6245	22 
6246	98 
6247	150 
6248	52 
6249	127 
6250	6 33 
6251	61 
6252	3 114 
6253	54 
6254	91 
6255	103 
6256	114 
6257	76 
6258	135 
6259	47 132 
6260	113 
6261	91 123 
6262	110 
6263	53 
6264	100 127 
6265	147 151 
6266	137 
6267	72 
6268	155 
6269	104 
6270	3 
6271	19 
6272	138 
6273	104 
6274	2 
6275	133 
6276	122 
6277	132 
6278	103 
6279	151 
6280	132 
6281	44 
6282	38 
6283	8 
6284	65 
6285	113 
6286	132 
6287	65 103 
6288	123 
6289	114 
6290	19 
6291	123 
6292	53 
6293	1 91 
6294	98 
6295	53 133 
6296	132 
6297	13 
6298	104 
6299	101 124 
6300	144 
6301	11 114 
6302	121 
6303	1 103 
6304	91 
6305	103 107 
6306	23 
6307	38 
6308	66 
6309	22 
6310	124 
6311	114 
6312	5 
6313	5 
6314	15 
6315	104 
6316	52 
6317	47 
6318	18 
6319	106 
6320	102 
6321	58 
6322	3 
6323	99 
6324	47 
6325	88 
6326	92 
6327	77 
6328	140 
6329	132 
6330	113 132 
6331	6 53 
6332	104 
6333	130 
6334	25 
6335	29 
6336	55 
6337	105 
6338	58 
6339	23 
6340	77 
6341	151 
6342	91 
6343	129 
6344	78 
6345	3 77 
6346	47 97 
6347	18 112 
6348	110 
6349	120 124 
6350	144 
6351	129 
6352	29 
6353	15 
6354	18 
6355	127 
6356	5 
6357	72 
6358	18 
6359	98 
6360	122 
6361	5 
6362	92 109 
6363	1 
6364	77 
6365	107 
6366	6 110 
6367	121 
6368	133 
6369	150 
6370	52 
6371	154 
6372	123 
6373	54 
6374	53 129 
6375	114 
6376	123 
6377	38 53 
6378	154 
6379	88 137 
6380	2 32 
6381	77 
6382	5 
6383	38 
6384	127 
6385	89 151 
6386	145 
6387	123 
6388	17 
6389	45 
6390	127 
6391	38 
6392	61 
6393	1 
6394	68 
6395	91 
6396	120 124 
6397	114 
6398	123 
6399	140 
6400	29 
6401	116 
6402	14 
6403	32 
6404	99 
6405	42 
6406	124 
6407	5 
6408	120 
6409	101 
6410	124 
6411	19 
6412	61 
6413	104 
6414	151 
6415	127 
6416	35 
6417	110 
6418	47 
6419	18 
6420	35 
6421	1 
6422	151 
6423	61 
6424	29 
6425	135 
6426	150 
6427	114 
6428	2 
6429	145 
6430	120 
6431	42 
6432	3 
6433	3 
6434	143 
6435	116 
6436	17 
6437	72 
6438	145 
6439	92 
6440	27 
6441	151 
6442	110 
6443	123 
6444	66 121 
6445	149 
6446	99 
6447	11 
6448	135 
6449	99 
6450	93 
6451	70 98 
6452	138 
6453	100 
6454	137 
6455	53 
6456	102 
6457	110 
6458	1 3 
6459	135 
6460	17 
6461	49 
6462	53 
6463	103 
6464	100 129 
6465	120 
6466	132 
6467	6 
6468	103 
6469	61 
6470	114 
6471	106 
6472	94 
6473	60 
6474	151 
6475	106 109 
6476	58 
6477	38 
6478	53 
6479	151 
6480	53 
6481	140 
6482	77 
6483	47 
6484	60 
6485	57 
6486	2 
6487	100 
6488	107 
6489	89 
6490	135 
6491	52 
6492	47 
6493	93 124 
6494	99 
6495	76 
6496	129 
6497	11 
6498	61 
6499	104 
6500	2 
6501	114 
6502	1 80 
6503	15 
6504	53 
6505	18 
6506	109 
6507	72 
6508	123 
6509	142 
6510	76 
6511	124 
6512	4 
6513	91 
6514	121 
6515	1 
6516	6 
6517	109 
6518	15 
6519	102 
6520	52 
6521	103 
6522	58 
6523	22 
6524	145 
6525	5 53 
6526	133 
6527	29 
6528	25 61 
6529	25 
6530	137 
6531	127 
6532	133 
6533	57 
6534	17 
6535	102 
6536	47 
6537	132 
6538	110 
6539	35 50 
6540	8 
6541	129 
6542	38 
6543	53 
6544	89 
6545	104 
6546	23 110 
6547	142 
6548	9 
6549	59 155 
6550	8 
6551	109 
6552	137 
6553	91 
6554	2 
6555	113 122 
6556	14 53 
6557	129 
6558	142 
6559	132 
6560	103 
6561	109 
6562	112 
6563	151 
6564	120 
6565	81 122 
6566	123 
6567	135 
6568	33 
6569	86 
6570	47 
6571	53 
6572	104 
6573	123 
6574	72 
6575	116 150 
6576	44 
6577	72 77 
6578	81 
6579	8 
6580	73 
6581	53 
6582	133 
6583	113 
6584	47 
6585	32 
6586	150 
6587	95 
6588	22 
6589	123 
6590	47 
6591	129 
6592	133 
6593	135 
6594	22 
6595	8 
6596	99 
6597	25 
6598	23 
6599	127 
6600	123 
6601	104 
6602	140 
6603	52 
6604	49 
6605	76 
6606	15 19 
6607	77 
6608	3 
6609	103 
6610	151 
6611	92 
6612	53 
6613	29 
6614	103 
6615	94 
6616	122 
6617	104 
6618	123 
6619	123 
6620	77 
6621	3 137 
6622	71 
6623	27 
6624	54 137 
6625	13 
6626	53 
6627	129 
6628	3 
6629	73 
6630	84 
6631	1 30 
6632	92 
6633	124 
6634	133 
6635	132 
6636	18 
6637	104 
6638	15 114 
6639	105 
6640	116 
6641	150 
6642	3 
6643	77 
6644	29 98 
6645	129 
6646	70 
6647	109 
6648	129 
6649	145 
6650	109 
6651	154 
6652	45 
6653	6 76 
6654	110 
6655	54 
6656	142 
6657	77 
6658	25 
6659	9 
6660	45 
6661	17 
6662	15 
6663	71 
6664	110 132 
6665	44 
6666	122 
6667	114 
6668	105 
6669	23 
6670	9 
6671	123 140 
6672	129 
6673	1 
6674	127 
6675	99 
6676	100 
6677	124 
6678	132 
6679	5 
6680	94 
6681	8 
6682	150 
6683	22 
6684	109 
6685	76 
6686	84 
6687	98 
6688	88 
6689	95 
6690	72 
6691	110 
6692	77 
6693	151 
6694	129 
6695	129 
6696	151 
6697	6 
6698	149 
6699	102 
6700	150 
6701	70 
6702	91 
6703	145 
6704	135 
6705	53 
6706	6 
6707	27 
6708	127 
6709	103 
6710	132 
6711	95 
6712	1 
6713	99 
6714	109 
6715	65 
6716	110 
6717	47 
6718	113 
6719	18 
6720	5 
6721	114 135 
6722	8 
6723	127 
6724	142 
6725	20 27 
6726	45 
6727	68 
6728	138 
6729	8 
6730	5 
6731	151 
6732	76 
6733	138 
6734	105 
6735	72 
6736	17 
6737	113 
6738	17 
6739	114 124 
6740	6 
6741	127 
6742	77 
6743	142 
6744	25 122 
6745	32 
6746	49 124 
6747	114 
6748	114 
6749	122 
6750	3 
6751	76 80 
6752	104 
6753	109 151 
6754	47 
6755	113 140 
6756	44 
6757	18 
6758	53 
6759	135 
6760	2 
6761	47 
6762	107 
6763	135 
6764	17 
6765	151 
6766	76 
6767	18 
6768	4 
6769	114 
6770	112 
6771	71 
6772	47 
6773	104 
6774	98 
6775	92 
6776	3 49 
6777	77 138 
6778	99 
6779	98 
6780	1 
6781	91 103 
6782	49 
6783	89 
6784	113 
6785	114 
6786	72 
6787	151 
6788	91 
6789	112 
6790	99 
6791	113 
6792	121 
6793	112 114 
6794	3 
6795	150 
6796	22 151 
6797	18 
6798	70 
6799	58 
6800	29 
6801	38 
6802	77 
6803	77 
6804	86 
6805	140 
6806	123 
6807	105 152 
6808	17 
6809	1 
6810	29 
6811	29 
6812	102 
6813	5 
6814	99 
6815	76 
6816	5 
6817	101 
6818	76 
6819	4 
6820	27 
6821	110 149 
6822	77 
6823	113 
6824	29 
6825	19 
6826	9 91 
6827	124 
6828	103 
6829	92 
6830	100 
6831	151 
6832	81 
6833	91 
6834	154 
6835	99 
6836	24 31 
6837	133 
6838	123 
6839	91 
6840	17 38 
6841	70 
6842	23 
6843	11 
6844	124 137 
6845	99 
6846	84 
6847	106 
6848	29 
6849	32 
6850	105 109 
6851	29 
6852	76 
6853	84 
6854	138 
6855	151 
6856	121 
6857	92 
6858	1 
6859	47 
6860	58 
6861	25 
6862	32 
6863	135 
6864	124 
6865	6 
6866	68 
6867	132 
6868	47 57 
6869	129 
6870	132 
6871	47 
6872	113 
6873	32 
6874	123 
6875	17 
6876	150 
6877	76 
6878	140 
6879	58 
6880	151 
6881	1 95 
6882	35 100 
6883	102 
6884	102 
6885	44 
6886	61 103 
6887	17 
6888	68 
6889	9 
6890	55 
6891	1 
6892	25 149 
6893	154 
6894	6 
6895	102 
6896	6 
6897	91 
6898	45 151 
6899	122 
6900	70 129 
6901	129 145 
6902	71 
6903	32 
6904	120 
6905	98 
6906	47 
6907	61 132 
6908	77 
6909	143 
6910	104 
6911	86 101 
6912	44 
6913	110 
6914	52 
6915	151 
6916	124 
6917	5 19 
6918	122 
6919	150 
6920	47 61 
6921	114 
6922	49 80 
6923	135 
6924	140 
6925	151 
6926	25 
6927	17 138 
6928	61 
6929	140 
6930	92 140 
6931	6 
6932	95 
6933	100 
6934	84 
6935	9 
6936	5 
6937	104 
6938	110 
6939	44 
6940	5 98 
6941	140 
6942	100 
6943	104 
6944	154 
6945	61 
6946	6 144 
6947	140 
6948	42 
6949	61 114 
6950	124 
6951	53 
6952	61 
6953	124 
6954	53 135 
6955	124 
6956	32 
6957	150 
6958	130 
6959	38 
6960	140 
6961	72 
6962	98 
6963	1 
6964	31 
6965	42 101 
6966	61 
6967	113 
6968	38 
6969	52 
6970	18 
6971	145 
6972	23 
6973	109 
6974	6 
6975	145 
6976	38 
6977	44 
6978	92 
6979	100 
6980	68 
6981	91 
6982	91 
6983	114 
6984	71 
6985	124 
6986	142 
6987	32 
6988	58 
6989	54 
6990	109 
6991	15 
6992	45 
6993	151 
6994	15 
6995	52 
6996	123 
6997	142 
6998	5 
6999	3 
7000	151 
7001	52 
7002	17 
7003	100 
7004	112 
7005	124 
7006	106 110 
7007	6 106 
7008	17 
7009	61 
7010	84 
7011	110 
7012	32 
7013	49 
7014	138 
7015	93 
7016	133 
7017	138 
7018	44 130 
7019	31 
7020	110 
7021	52 
7022	61 
7023	113 
7024	53 
7025	54 
7026	121 150 
7027	95 145 
7028	40 122 
7029	92 
7030	17 
7031	129 
7032	6 151 
7033	91 98 
7034	91 
7035	99 
7036	123 
7037	123 132 
7038	81 
7039	116 
7040	11 
7041	38 
7042	2 103 
7043	44 
7044	61 
7045	110 
7046	133 
7047	113 140 
7048	5 
7049	47 
7050	72 
7051	11 
7052	150 
7053	99 
7054	127 
7055	110 
7056	77 
7057	110 
7058	123 
7059	100 
7060	53 
7061	129 
7062	17 
7063	127 
7064	32 35 
7065	105 
7066	9 
7067	84 112 
7068	129 
7069	135 
7070	102 
7071	22 
7072	137 
7073	121 
7074	28 123 
7075	127 
7076	98 
7077	151 
7078	138 
7079	103 
7080	109 
7081	47 
7082	88 91 
7083	109 
7084	19 122 
7085	99 
7086	52 
7087	53 
7088	18 
7089	8 29 
7090	93 106 
7091	6 68 
7092	95 
7093	32 91 
7094	81 
7095	32 
7096	15 
7097	95 
7098	32 140 
7099	19 40 
7100	76 
7101	110 
7102	32 98 
7103	98 
7104	93 
7105	145 
7106	8 
7107	2 
7108	44 
7109	32 
7110	151 
7111	61 
7112	18 
7113	122 
7114	38 86 
7115	129 
7116	112 
7117	1 98 
7118	122 
7119	95 
7120	122 
7121	122 
7122	29 
7123	76 145 
7124	103 
7125	77 
7126	103 
7127	109 
7128	2 
7129	1 
7130	123 
7131	2 
7132	91 
7133	122 
7134	92 
7135	6 104 
7136	17 
7137	6 109 
7138	47 
7139	44 
7140	103 
7141	18 
7142	103 
7143	114 
7144	133 
7145	124 
7146	151 
7147	3 
7148	124 
7149	91 
7150	2 
7151	61 
7152	29 58 
7153	22 151 
7154	29 
7155	129 
7156	104 
7157	38 66 
7158	29 
7159	5 
7160	150 
7161	130 
7162	32 
7163	47 
7164	6 
7165	91 
7166	132 
7167	32 
7168	103 
7169	142 
7170	91 
7171	38 
7172	114 
7173	116 
7174	122 
7175	129 
7176	123 
7177	149 
7178	116 124 
7179	27 
7180	84 107 
7181	47 148 
7182	2 
7183	45 
7184	92 
7185	151 
7186	106 
7187	91 
7188	23 
7189	61 67 
7190	11 
7191	124 
7192	8 18 
7193	53 
7194	8 
7195	38 
7196	122 
7197	86 
7198	53 
7199	6 
7200	150 
7201	151 
7202	17 
7203	105 
7204	104 132 
7205	38 
7206	142 
7207	53 
7208	47 
7209	113 
7210	45 82 
7211	105 129 
7212	70 76 
7213	53 136 
7214	116 
7215	142 
7216	100 150 
7217	18 
7218	151 
7219	47 
7220	49 
7221	103 
7222	100 
7223	145 
7224	77 
7225	32 
7226	103 
7227	47 
7228	17 
7229	53 
7230	27 
7231	6 
7232	100 
7233	114 
7234	122 
7235	47 
7236	132 
7237	54 
7238	52 102 
7239	32 122 
7240	15 
7241	132 
7242	77 
7243	47 
7244	45 
7245	123 
7246	113 
7247	149 
7248	1 104 
7249	124 
7250	17 
7251	124 
7252	91 
7253	70 
7254	6 
7255	127 
7256	140 
7257	47 
7258	132 
7259	98 
7260	81 
7261	2 109 
7262	87 123 
7263	45 70 
7264	145 
7265	98 
7266	113 
7267	38 
7268	77 
7269	27 
7270	110 
7271	145 
7272	38 
7273	132 
7274	22 142 
7275	129 
7276	89 144 
7277	32 140 
7278	18 
7279	129 
7280	5 124 
7281	6 
7282	18 
7283	54 138 
7284	121 
7285	124 
7286	151 
7287	32 
7288	61 
7289	61 
7290	110 
7291	45 
7292	140 
7293	113 
7294	53 
7295	121 
7296	61 124 
7297	32 
7298	58 
7299	38 
7300	132 
7301	25 103 
7302	132 
7303	47 
7304	76 
7305	124 
7306	54 
7307	99 
7308	91 
7309	114 124 
7310	86 
7311	61 
7312	91 
7313	110 
7314	133 
7315	3 114 
7316	47 
7317	52 
7318	99 
7319	54 
7320	1 140 
7321	15 
7322	98 103 
7323	8 
7324	15 
7325	38 42 
7326	127 
7327	17 
7328	47 
7329	103 
7330	38 
7331	38 
7332	98 
7333	26 145 
7334	110 
7335	58 
7336	132 
7337	5 
7338	32 76 
7339	140 
7340	142 
7341	121 
7342	103 
7343	140 
7344	25 133 
7345	151 
7346	77 
7347	32 71 
7348	123 
7349	92 
7350	77 
7351	2 
7352	25 
7353	18 120 
7354	53 98 
7355	133 
7356	135 
7357	140 
7358	114 
7359	17 
7360	104 
7361	53 
7362	60 92 
7363	26 104 
7364	98 
7365	116 
7366	18 
7367	114 
7368	5 
7369	6 
7370	6 
7371	116 
7372	133 
7373	92 151 
7374	5 131 
7375	25 
7376	127 
7377	61 
7378	1 
7379	29 
7380	109 
7381	5 138 
7382	114 
7383	76 
7384	2 
7385	123 
7386	27 
7387	112 
7388	150 
7389	17 
7390	27 
7391	95 
7392	124 
7393	3 
7394	114 
7395	76 
7396	25 
7397	109 
7398	23 
7399	84 
7400	121 
7401	103 
7402	38 
7403	142 
7404	138 
7405	2 
7406	112 
7407	72 
7408	151 
7409	109 
7410	61 
7411	100 
7412	17 
7413	121 
7414	81 
7415	70 
7416	89 
7417	151 
7418	123 
7419	121 
7420	132 
7421	95 
7422	25 
7423	104 
7424	140 
7425	121 
7426	23 
7427	5 
7428	120 
7429	5 
7430	58 
7431	15 
7432	127 
7433	114 
7434	99 
7435	52 57 
7436	140 
7437	140 
7438	70 
7439	132 
7440	52 
7441	70 
7442	15 
7443	109 
7444	53 
7445	70 
7446	52 
7447	53 
7448	17 
7449	27 
7450	54 
7451	100 
7452	5 108 
7453	52 
7454	103 
7455	129 
7456	3 
7457	92 120 
7458	18 
7459	1 
7460	29 
7461	25 
7462	81 
7463	38 
7464	127 
7465	112 
7466	123 
7467	15 
7468	25 
7469	109 
7470	121 
7471	53 
7472	102 
7473	99 113 
7474	103 113 
7475	17 
7476	45 
7477	45 
7478	53 
7479	116 
7480	44 99 
7481	150 
7482	27 52 
7483	140 
7484	45 
7485	57 116 
7486	113 
7487	53 
7488	105 
7489	124 
7490	30 129 
7491	132 
7492	116 
7493	32 
7494	120 
7495	77 
7496	110 
7497	138 
7498	47 
7499	52 
7500	2 
7501	52 
7502	68 103 
7503	112 
7504	52 
7505	17 
7506	72 
7507	132 
7508	61 
7509	120 
7510	129 132 
7511	77 
7512	86 114 
7513	1 
7514	75 132 
7515	77 
7516	6 
7517	103 
7518	53 
7519	105 
7520	76 
7521	105 
7522	138 
7523	140 
7524	8 
7525	53 
7526	47 
7527	135 
7528	44 
7529	145 
7530	122 
7531	81 
7532	112 
7533	77 
7534	2 
7535	145 
7536	123 
7537	47 
7538	61 
7539	123 
7540	5 124 
7541	32 
7542	119 124 
7543	15 
7544	129 
7545	76 
7546	52 
7547	47 
7548	105 113 
7549	2 
7550	90 135 
7551	133 
7552	120 
7553	1 26 
7554	17 114 
7555	76 
7556	3 
7557	103 121 
7558	100 
7559	68 124 
7560	133 
7561	129 
7562	2 145 
7563	127 
7564	6 
7565	58 
7566	47 
7567	132 
7568	47 
7569	120 
7570	6 
7571	112 
7572	120 
7573	1 
7574	52 
7575	112 
7576	3 
7577	33 47 
7578	54 
7579	17 112 
7580	91 
7581	58 
7582	6 
7583	124 
7584	3 
7585	44 
7586	3 
7587	124 
7588	32 
7589	151 
7590	23 
7591	133 
7592	122 
7593	5 
7594	127 
7595	151 
7596	23 70 
7597	100 
7598	110 
7599	98 
7600	2 
7601	124 
7602	53 83 
7603	54 
7604	105 127 
7605	17 
7606	151 
7607	103 
7608	53 
7609	29 
7610	145 
7611	129 
7612	135 
7613	124 134 
7614	61 
7615	98 
7616	1 
7617	76 
7618	129 
7619	124 
7620	86 110 
7621	45 113 
7622	3 
7623	6 
7624	151 
7625	47 
7626	58 
7627	92 
7628	27 91 
7629	124 140 
7630	151 
7631	102 
7632	76 142 
7633	25 
7634	91 
7635	123 
7636	76 122 
7637	58 
7638	38 
7639	104 
7640	151 
7641	110 
7642	122 
7643	8 140 
7644	104 154 
7645	122 
7646	1 
7647	47 
7648	53 
7649	140 
7650	27 32 
7651	114 
7652	113 
7653	98 
7654	15 
7655	129 
7656	29 
7657	15 
7658	145 
7659	77 
7660	122 
7661	140 
7662	142 
7663	6 
7664	135 154 
7665	17 
7666	145 
7667	120 
7668	132 
7669	120 
7670	38 
7671	91 
7672	129 
7673	8 
7674	112 
7675	123 
7676	77 
7677	132 
7678	6 
7679	45 
7680	142 
7681	1 
7682	27 
7683	129 
7684	100 
7685	92 
7686	76 
7687	47 
7688	127 
7689	129 
7690	138 
7691	52 
7692	129 
7693	76 
7694	92 
7695	113 
7696	15 
7697	113 
7698	98 
7699	151 
7700	133 
7701	3 
7702	150 
7703	47 
7704	103 
7705	17 
7706	129 
7707	114 
7708	142 150 
7709	6 
7710	114 
7711	112 
7712	47 
7713	27 
7714	150 
7715	5 
7716	5 
7717	132 148 
7718	2 29 
7719	6 126 
7720	5 
7721	5 
7722	100 
7723	52 
7724	114 
7725	2 
7726	1 
7727	32 
7728	124 
7729	151 
7730	5 112 
7731	133 
7732	25 127 
7733	92 
7734	151 
7735	47 
7736	8 83 
7737	66 100 
7738	133 
7739	18 
7740	3 123 
7741	113 
7742	104 
7743	76 
7744	122 
7745	98 
7746	6 156 
7747	104 
7748	109 
7749	140 
7750	5 112 
7751	77 
7752	142 
7753	61 
7754	124 
7755	52 
7756	110 
7757	77 
7758	121 155 
7759	77 
7760	38 
7761	151 
7762	32 
7763	53 
7764	2 127 
7765	140 
7766	6 
7767	2 
7768	77 
7769	145 
7770	61 
7771	110 
7772	58 
7773	15 
7774	91 
7775	53 
7776	53 
7777	91 
7778	110 
7779	76 
7780	103 114 
7781	92 
7782	138 
7783	109 
7784	5 
7785	91 
7786	103 
7787	1 
7788	61 
7789	5 
7790	58 
7791	138 
7792	76 
7793	6 
7794	114 
7795	142 
7796	110 
7797	110 
7798	17 
7799	61 
7800	114 
7801	129 
7802	58 
7803	123 
7804	61 
7805	151 
7806	53 
7807	114 
7808	122 
7809	32 
7810	103 
7811	1 
7812	2 17 
7813	113 
7814	53 132 
7815	127 
7816	6 
7817	113 
7818	61 
7819	5 
7820	38 129 
7821	6 
7822	76 
7823	99 
7824	99 
7825	25 
7826	109 
7827	1 
7828	114 
7829	6 
7830	116 145 
7831	124 129 
7832	151 
7833	2 29 
7834	6 15 
7835	140 
7836	5 
7837	91 
7838	151 
7839	6 
7840	132 
7841	122 
7842	129 
7843	124 
7844	103 
7845	98 123 
7846	129 
7847	103 
7848	3 76 
7849	77 
7850	113 
7851	151 
7852	114 
7853	53 
7854	76 
7855	60 140 
7856	38 
7857	47 
7858	109 
7859	129 
7860	17 
7861	91 
7862	98 
7863	124 
7864	76 
7865	32 38 
7866	132 
7867	5 
7868	53 76 
7869	129 
7870	1 
7871	103 
7872	32 
7873	61 
7874	77 
7875	6 145 
7876	140 
7877	47 
7878	17 
7879	1 110 
7880	151 
7881	124 
7882	123 
7883	104 
7884	76 
7885	151 
7886	1 
7887	61 
7888	140 
7889	53 
7890	17 70 
7891	47 
7892	103 
7893	123 
7894	103 
7895	114 
7896	6 
7897	92 100 
7898	123 
7899	6 
7900	123 
7901	6 
7902	104 
7903	53 
7904	8 124 
7905	1 
7906	77 
7907	1 129 
7908	17 
7909	32 
7910	122 
7911	132 
7912	151 
7913	6 
7914	106 109 
7915	103 
7916	1 52 
7917	47 129 
7918	17 
7919	99 140 
7920	61 
7921	1 
7922	109 
7923	18 47 
7924	124 
7925	17 
7926	61 
7927	6 32 
7928	109 
7929	124 
7930	77 
7931	132 
7932	132 
7933	32 
7934	132 
7935	124 
7936	6 
7937	132 
7938	110 
7939	113 
7940	114 
7941	49 123 
7942	1 
7943	110 144 
7944	114 
7945	103 
7946	11 100 
7947	103 
7948	61 
7949	44 45 
7950	32 
7951	77 
7952	123 
7953	1 
7954	77 
7955	1 
7956	17 
7957	100 114 
7958	151 
7959	98 
7960	91 
7961	53 
7962	17 
7963	132 
7964	32 
7965	53 76 
7966	32 
7967	114 
7968	6 
7969	47 
7970	151 
7971	77 91 
7972	129 
7973	5 
7974	53 
7975	84 142 
7976	32 46 
7977	61 
7978	1 
7979	47 
7980	47 
7981	122 
7982	44 129 
7983	122 
7984	109 154 
7985	114 
7986	124 
7987	77 
7988	29 110 
7989	122 
7990	54 145 
7991	132 
7992	47 114 
7993	6 
7994	92 99 
7995	124 
7996	122 137 
7997	132 
7998	122 
7999	77 
8000	91 140 
