1	66 
2	67 
3	63 
4	60 70 
5	83 
6	25 
7	51 
8	11 
9	1 23 
10	65 
11	17 
12	30 
13	62 
14	18 61 
15	7 
16	62 
17	56 
18	41 
19	37 
20	78 
21	47 
22	19 61 
23	5 
24	75 
25	75 
26	1 
27	35 
28	11 
29	2 40 
30	51 
31	38 
32	5 84 
33	3 
34	68 
35	20 
36	19 
37	74 
38	38 
39	83 
40	3 
41	56 
42	24 
43	61 
44	54 
45	22 23 
46	75 82 
47	37 
48	60 
49	61 
50	61 
51	1 
52	75 
53	19 
54	29 
55	65 
56	1 
57	76 
58	46 
59	20 
60	19 67 
61	28 
62	2 71 
63	19 38 
64	55 70 
65	52 
66	83 
67	78 
68	61 
69	1 
70	54 
71	47 
72	19 
73	24 31 
74	59 67 
75	11 75 
76	56 
77	3 
78	44 51 
79	34 82 
80	8 41 
81	13 
82	10 41 
83	7 
84	62 
85	26 
86	32 
87	18 42 
88	21 
89	84 
90	1 
91	67 
92	38 
93	57 
94	69 75 
95	69 
96	51 
97	1 67 
98	74 
99	1 
100	46 
101	40 61 
102	56 
103	61 
104	36 
105	69 
106	22 
107	78 
108	75 
109	67 
110	1 72 
111	75 
112	29 30 
113	22 84 
114	51 
115	47 
116	1 
117	63 
118	4 
119	38 
120	40 
121	18 75 
122	17 
123	81 
124	60 
125	83 
126	75 
127	42 
128	50 
129	50 
130	18 29 
131	19 
132	62 
133	8 
134	74 
135	74 
136	3 
137	50 75 
138	4 
139	29 78 
140	38 
141	23 
142	11 61 
143	51 
144	82 
145	40 
146	17 
147	48 
148	2 42 
149	75 
150	19 
151	17 84 
152	20 
153	27 38 
154	6 
155	82 
156	61 
157	11 29 
158	20 
159	10 
160	74 
161	33 
162	74 
163	74 
164	67 
165	75 84 
166	17 
167	47 
168	16 
169	33 71 
170	41 
171	78 
172	56 59 
173	81 
174	7 
175	1 27 
176	10 75 
177	51 74 
178	82 
179	3 
180	1 
181	58 
182	12 
183	75 
184	32 
185	71 
186	17 50 
187	62 
188	51 
189	1 60 
190	37 
191	29 
192	75 
193	44 
194	24 
195	29 50 
196	60 
197	11 
198	20 
199	60 
200	21 30 
201	61 
202	61 
203	39 
204	50 
205	45 
206	52 
207	44 60 
208	19 
209	62 67 
210	50 
211	20 
212	41 
213	3 54 
214	25 
215	60 
216	44 51 
217	7 
218	67 
219	2 
220	41 71 
221	50 74 
222	3 40 
223	3 
224	74 
225	46 82 
226	75 
227	20 71 
228	82 
229	77 
230	44 
231	29 52 
232	19 
233	84 
234	32 
235	19 38 
236	51 60 
237	30 
238	14 
239	51 
240	17 
241	78 
242	16 46 
243	82 
244	82 
245	40 
246	2 
247	11 
248	62 
249	62 
250	17 67 
251	40 56 
252	61 82 
253	10 
254	7 
255	8 
256	42 
257	19 
258	3 74 
259	41 
260	34 
261	61 
262	74 
263	19 84 
264	2 78 
265	74 
266	9 
267	40 60 
268	83 
269	1 
270	71 
271	20 
272	61 
273	51 70 
274	19 
275	40 83 
276	24 
277	78 
278	61 
279	36 61 
280	11 
281	30 
282	33 
283	2 
284	11 
285	8 
286	63 
287	9 82 
288	17 
289	41 
290	83 84 
291	8 
292	17 
293	54 74 
294	33 62 
295	44 
296	82 
297	8 11 
298	31 
299	83 
300	78 
301	38 61 
302	83 
303	76 
304	3 20 
305	40 
306	61 
307	79 
308	27 
309	74 
310	8 
311	20 
312	29 66 
313	30 
314	1 
315	68 84 
316	5 
317	67 
318	75 
319	40 
320	2 
321	61 
322	11 54 
323	58 
324	40 
325	74 
326	60 
327	1 
328	62 
329	11 
330	67 
331	40 
332	3 80 
333	38 
334	74 
335	30 
336	44 
337	21 
338	84 
339	1 
340	8 
341	20 
342	38 
343	3 11 
344	11 
345	74 
346	24 78 
347	75 
348	7 
349	68 
350	4 
351	69 78 
352	61 
353	75 
354	75 
355	82 
356	41 82 
357	19 
358	19 
359	50 
360	78 
361	41 
362	11 
363	25 
364	40 
365	36 
366	27 
367	63 
368	33 41 
369	7 
370	74 
371	25 84 
372	84 
373	60 
374	46 
375	49 
376	31 
377	38 69 
378	18 65 
379	82 
380	44 50 
381	38 
382	50 
383	74 78 
384	75 
385	42 
386	20 21 
387	8 32 
388	19 
389	57 
390	20 
391	50 
392	7 
393	51 
394	7 
395	70 
396	11 
397	40 
398	40 
399	42 
400	75 
401	83 
402	61 
403	73 
404	51 
405	52 
406	30 62 
407	75 
408	38 
409	33 
410	23 
411	76 
412	51 
413	82 
414	78 
415	45 
416	27 
417	29 
418	10 
419	69 
420	1 3 
421	29 
422	42 
423	24 60 
424	38 62 
425	6 78 
426	19 
427	1 44 
428	78 
429	17 62 
430	82 
431	17 71 
432	78 
433	68 
434	11 
435	67 
436	9 
437	50 
438	83 
439	65 74 
440	10 
441	50 62 
442	1 
443	38 
444	19 
445	38 84 
446	51 
447	55 
448	1 
449	2 
450	3 62 
451	51 
452	34 
453	59 
454	11 
455	10 
456	71 
457	48 
458	41 
459	32 
460	53 
461	75 83 
462	49 
463	26 
464	30 
465	8 25 
466	8 84 
467	20 
468	78 
469	7 63 
470	38 78 
471	21 
472	19 60 
473	15 
474	51 
475	19 38 
476	55 
477	38 41 
478	16 
479	1 
480	58 
481	19 
482	51 
483	33 
484	40 
485	28 
486	76 
487	11 
488	32 
489	5 
490	73 
491	14 
492	61 
493	40 
494	5 38 
495	11 
496	11 68 
497	7 16 
498	7 
499	78 
500	24 
501	14 
502	74 
503	12 40 
504	56 
505	71 
506	64 
507	75 
508	46 
509	21 61 
510	41 
511	19 84 
512	78 
513	21 
514	62 
515	1 
516	32 84 
517	8 
518	60 
519	51 
520	5 
521	2 
522	82 
523	56 82 
524	40 
525	1 18 
526	18 69 
527	44 
528	11 
529	24 
530	33 
531	10 
532	52 
533	10 
534	1 
535	19 
536	33 
537	75 
538	54 
539	61 
540	11 19 
541	32 
542	19 
543	23 
544	19 38 
545	47 
546	50 
547	1 
548	1 7 
549	12 
550	61 
551	41 
552	78 
553	19 24 
554	75 
555	78 
556	51 
557	19 54 
558	31 
559	30 
560	22 
561	24 
562	60 
563	11 
564	75 
565	16 84 
566	48 
567	1 
568	60 75 
569	46 
570	29 
571	40 
572	62 
573	21 60 
574	40 74 
575	31 34 
576	57 
577	52 
578	2 
579	17 
580	3 
581	62 67 
582	10 
583	1 78 
584	2 
585	3 
586	46 
587	17 
588	11 67 
589	2 54 
590	6 
591	1 
592	84 
593	13 52 
594	69 
595	62 67 
596	26 
597	75 
598	16 37 
599	40 
600	61 
601	40 
602	67 83 
603	5 
604	29 
605	40 
606	25 
607	53 
608	65 
609	2 
610	17 
611	3 60 
612	47 78 
613	82 
614	21 50 
615	42 
616	84 
617	48 
618	74 
619	2 
620	42 
621	75 
622	27 75 
623	30 
624	59 
625	1 32 
626	20 47 
627	18 
628	20 
629	78 
630	18 
631	61 
632	18 
633	46 
634	84 
635	4 
636	71 
637	50 
638	17 
639	27 
640	61 
641	11 23 
642	74 82 
643	8 47 
644	1 17 
645	42 
646	1 
647	2 
648	19 
649	60 
650	17 56 
651	56 
652	78 
653	11 54 
654	11 67 
655	74 
656	19 56 
657	17 21 
658	29 
659	70 
660	7 
661	83 
662	17 
663	5 
664	74 
665	1 37 
666	2 
667	14 
668	74 
669	8 51 
670	74 
671	39 
672	62 
673	40 
674	21 
675	29 
676	21 
677	32 74 
678	61 
679	65 
680	25 
681	30 
682	21 
683	41 82 
684	82 
685	84 
686	67 
687	38 
688	28 
689	7 
690	32 
691	32 
692	46 
693	2 
694	21 
695	3 
696	45 
697	9 
698	46 60 
699	67 
700	83 
701	79 
702	7 
703	37 
704	47 
705	30 40 
706	38 69 
707	38 82 
708	34 48 
709	2 
710	54 
711	67 
712	62 
713	27 
714	35 
715	55 
716	51 
717	74 
718	56 
719	61 82 
720	40 
721	29 
722	48 
723	7 
724	71 
725	75 
726	23 
727	30 
728	50 
729	40 
730	19 45 
731	84 
732	84 
733	24 
734	2 51 
735	80 
736	40 84 
737	1 11 
738	40 
739	8 
740	52 
741	40 
742	7 
743	75 
744	37 
745	50 
746	17 
747	41 61 
748	44 60 
749	63 80 
750	71 
751	32 
752	11 71 
753	25 60 
754	84 
755	51 60 
756	75 
757	84 
758	61 
759	78 
760	8 
761	37 
762	44 50 
763	60 
764	31 
765	50 
766	58 
767	19 
768	40 
769	26 
770	1 43 
771	65 
772	10 65 
773	67 
774	27 
775	38 
776	29 62 
777	78 
778	53 
779	52 
780	29 
781	82 84 
782	19 
783	61 69 
784	34 
785	78 
786	19 
787	72 
788	67 
789	78 
790	38 61 
791	7 9 
792	84 
793	44 
794	29 
795	2 
796	58 
797	30 
798	7 75 
799	67 
800	64 
801	8 23 
802	11 
803	42 
804	22 
805	60 61 
806	17 61 
807	9 
808	61 74 
809	71 
810	67 
811	33 
812	7 
813	83 
814	40 44 
815	61 
816	47 
817	7 24 
818	69 
819	26 
820	53 
821	17 
822	20 78 
823	77 
824	7 25 
825	54 
826	44 
827	3 
828	21 42 
829	74 
830	40 
831	19 61 
832	8 16 
833	1 
834	7 82 
835	7 41 
836	34 
837	20 
838	83 
839	53 
840	17 
841	25 
842	1 
843	46 62 
844	3 11 
845	50 
846	29 67 
847	30 
848	11 
849	83 84 
850	36 
851	52 
852	11 29 
853	5 
854	18 
855	40 84 
856	50 
857	48 
858	70 
859	17 74 
860	40 75 
861	30 
862	41 
863	1 25 
864	3 20 
865	78 
866	11 44 
867	6 
868	56 
869	80 
870	37 74 
871	75 
872	32 78 
873	27 32 
874	1 83 
875	11 47 
876	25 
877	36 
878	79 
879	19 
880	61 
881	29 
882	41 
883	32 
884	38 82 
885	37 
886	40 84 
887	11 
888	51 52 
889	19 
890	60 
891	61 80 
892	84 
893	75 
894	83 
895	11 30 
896	75 
897	74 
898	17 
899	10 
900	8 78 
901	32 
902	17 21 
903	44 
904	75 
905	37 
906	40 
907	11 
908	7 78 
909	3 
910	11 
911	1 
912	84 
913	38 
914	18 
915	24 
916	66 
917	32 
918	19 
919	83 
920	29 
921	84 
922	61 78 
923	67 
924	37 
925	19 
926	84 
927	40 
928	74 
929	32 44 
930	61 
931	1 10 
932	11 78 
933	41 
934	9 74 
935	51 
936	45 
937	24 49 
938	18 
939	75 
940	50 83 
941	74 
942	2 
943	61 
944	32 79 
945	58 
946	15 
947	7 67 
948	41 78 
949	1 41 
950	82 84 
951	5 
952	32 51 
953	35 
954	51 
955	47 
956	51 
957	51 84 
958	1 
959	17 
960	5 29 
961	5 
962	61 
963	62 
964	61 
965	40 
966	33 
967	21 
968	5 75 
969	75 
970	60 
971	21 
972	67 78 
973	78 
974	25 
975	84 
976	71 
977	8 45 
978	11 
979	51 
980	3 30 
981	29 
982	67 
983	47 
984	40 67 
985	64 
986	29 51 
987	2 41 
988	74 
989	4 
990	34 
991	1 30 
992	50 
993	52 78 
994	52 
995	67 
996	83 
997	51 
998	67 
999	34 
1000	7 
1001	19 
1002	16 
1003	17 26 
1004	16 
1005	48 
1006	9 
1007	30 
1008	47 83 
1009	84 
1010	1 
1011	51 
1012	29 
1013	13 
1014	67 
1015	19 
1016	62 
1017	5 
1018	81 
1019	83 
1020	17 
1021	83 
1022	50 67 
1023	57 78 
1024	2 
1025	50 
1026	67 
1027	29 
1028	61 
1029	1 80 
1030	3 78 
1031	19 
1032	51 
1033	10 51 
1034	20 
1035	40 74 
1036	61 
1037	11 
1038	71 
1039	62 
1040	46 
1041	69 75 
1042	29 
1043	1 
1044	27 47 
1045	5 
1046	3 7 
1047	11 84 
1048	31 60 
1049	46 
1050	32 
1051	30 
1052	75 
1053	23 
1054	84 
1055	19 84 
1056	83 
1057	16 
1058	46 
1059	40 65 
1060	61 
1061	62 
1062	20 56 
1063	50 
1064	34 
1065	2 61 
1066	1 
1067	71 
1068	8 
1069	17 
1070	82 
1071	29 75 
1072	57 
1073	55 
1074	34 
1075	38 
1076	41 
1077	78 
1078	24 50 
1079	20 
1080	84 
1081	47 
1082	61 84 
1083	46 
1084	40 
1085	11 19 
1086	17 
1087	5 75 
1088	40 58 
1089	43 84 
1090	84 
1091	7 
1092	44 
1093	19 
1094	44 68 
1095	8 
1096	78 
1097	65 
1098	20 
1099	24 82 
1100	19 72 
1101	31 71 
1102	11 
1103	1 
1104	1 62 
1105	61 
1106	11 
1107	30 
1108	30 62 
1109	39 
1110	13 
1111	2 
1112	7 
1113	2 
1114	20 
1115	68 
1116	61 
1117	75 
1118	5 11 
1119	62 
1120	30 50 
1121	16 44 
1122	1 
1123	5 
1124	75 
1125	74 
1126	61 
1127	84 
1128	21 69 
1129	1 
1130	2 
1131	26 
1132	8 
1133	25 
1134	45 
1135	29 
1136	83 84 
1137	16 
1138	52 
1139	2 
1140	4 11 
1141	24 41 
1142	84 
1143	29 81 
1144	30 
1145	74 
1146	7 16 
1147	82 
1148	54 
1149	19 
1150	50 
1151	3 7 
1152	41 69 
1153	20 84 
1154	34 
1155	36 78 
1156	7 78 
1157	61 
1158	82 
1159	51 61 
1160	25 
1161	74 
1162	61 
1163	2 
1164	52 
1165	50 
1166	29 74 
1167	82 
1168	78 
1169	15 
1170	71 
1171	10 
1172	61 75 
1173	30 
1174	24 
1175	61 
1176	72 
1177	2 
1178	7 
1179	15 38 
1180	1 60 
1181	11 
1182	32 
1183	47 
1184	62 82 
1185	38 
1186	20 
1187	78 
1188	8 19 
1189	8 
1190	60 
1191	50 
1192	40 61 
1193	1 62 
1194	44 
1195	30 75 
1196	83 
1197	74 
1198	84 
1199	31 33 
1200	54 75 
1201	84 
1202	75 
1203	50 
1204	34 74 
1205	67 
1206	44 75 
1207	7 
1208	48 
1209	20 
1210	84 
1211	19 
1212	13 64 
1213	5 37 
1214	46 
1215	32 
1216	75 
1217	61 
1218	64 
1219	54 
1220	44 
1221	10 24 
1222	8 67 
1223	75 
1224	42 
1225	41 
1226	50 
1227	74 
1228	62 
1229	71 
1230	31 
1231	51 
1232	53 
1233	84 
1234	11 
1235	20 
1236	11 61 
1237	40 
1238	10 74 
1239	75 
1240	6 74 
1241	43 
1242	73 
1243	1 
1244	74 
1245	62 
1246	51 
1247	5 
1248	75 
1249	7 9 
1250	32 
1251	61 
1252	51 
1253	61 
1254	7 
1255	32 40 
1256	15 
1257	32 
1258	74 
1259	28 
1260	1 
1261	10 
1262	19 
1263	1 75 
1264	20 
1265	32 
1266	61 83 
1267	7 
1268	43 
1269	71 
1270	41 
1271	17 
1272	60 
1273	13 
1274	2 
1275	32 
1276	19 
1277	38 
1278	74 
1279	11 78 
1280	40 84 
1281	75 
1282	38 84 
1283	19 
1284	69 
1285	25 
1286	5 
1287	19 
1288	51 
1289	32 
1290	78 
1291	54 
1292	40 
1293	3 
1294	28 
1295	11 
1296	61 75 
1297	19 
1298	66 
1299	11 
1300	41 70 
1301	71 
1302	20 
1303	30 
1304	78 81 
1305	11 84 
1306	75 
1307	61 
1308	74 
1309	8 
1310	72 
1311	19 51 
1312	82 
1313	54 
1314	32 
1315	84 
1316	61 
1317	40 
1318	41 
1319	5 
1320	60 83 
1321	32 
1322	28 
1323	19 
1324	82 
1325	50 
1326	31 
1327	53 
1328	19 
1329	10 
1330	32 
1331	32 
1332	19 51 
1333	61 
1334	40 
1335	17 
1336	27 
1337	20 
1338	30 
1339	82 
1340	19 
1341	51 
1342	71 78 
1343	18 
1344	41 
1345	75 84 
1346	51 
1347	22 
1348	1 29 
1349	54 
1350	16 
1351	37 
1352	30 
1353	43 
1354	17 61 
1355	74 75 
1356	45 
1357	61 
1358	75 
1359	51 
1360	13 
1361	11 
1362	38 
1363	79 
1364	60 
1365	44 
1366	67 
1367	2 
1368	27 
1369	11 
1370	27 
1371	18 29 
1372	27 
1373	19 
1374	3 
1375	37 
1376	24 41 
1377	40 50 
1378	19 
1379	61 74 
1380	1 51 
1381	83 
1382	58 
1383	1 29 
1384	18 
1385	84 
1386	59 
1387	11 
1388	11 65 
1389	60 
1390	84 
1391	61 
1392	18 34 
1393	64 
1394	83 
1395	61 
1396	75 
1397	19 54 
1398	56 
1399	51 
1400	1 
1401	2 78 
1402	40 
1403	83 
1404	21 
1405	11 
1406	50 51 
1407	78 
1408	44 
1409	1 
1410	38 75 
1411	30 82 
1412	78 
1413	32 
1414	15 
1415	32 34 
1416	19 
1417	78 
1418	61 
1419	5 
1420	19 
1421	54 
1422	18 61 
1423	33 
1424	11 75 
1425	35 
1426	12 41 
1427	30 
1428	29 32 
1429	20 
1430	8 
1431	51 
1432	8 11 
1433	20 
1434	39 
1435	60 
1436	16 
1437	19 54 
1438	19 
1439	5 19 
1440	43 
1441	32 
1442	61 
1443	62 
1444	78 
1445	78 
1446	24 
1447	56 75 
1448	70 
1449	84 
1450	78 
1451	11 30 
1452	33 
1453	51 
1454	74 
1455	40 
1456	29 
1457	68 82 
1458	56 82 
1459	44 82 
1460	11 
1461	78 
1462	24 
1463	46 
1464	45 
1465	75 84 
1466	18 
1467	68 84 
1468	11 
1469	10 11 
1470	79 82 
1471	20 
1472	82 
1473	60 
1474	19 
1475	35 
1476	7 
1477	32 
1478	19 
1479	38 
1480	29 74 
1481	59 
1482	38 40 
1483	56 81 
1484	47 
1485	67 
1486	74 
1487	16 
1488	60 
1489	44 
1490	75 
1491	44 
1492	66 
1493	1 
1494	19 
1495	19 
1496	29 
1497	1 
1498	32 
1499	74 
1500	72 
1501	46 
1502	19 53 
1503	62 
1504	41 75 
1505	19 41 
1506	40 75 
1507	51 
1508	41 69 
1509	34 
1510	17 84 
1511	51 
1512	82 
1513	77 
1514	15 
1515	51 
1516	1 
1517	18 
1518	17 
1519	3 
1520	61 
1521	19 
1522	7 
1523	47 
1524	67 
1525	56 
1526	43 
1527	74 
1528	20 
1529	38 75 
1530	84 
1531	1 
1532	83 
1533	67 
1534	9 30 
1535	79 
1536	11 
1537	16 
1538	29 
1539	4 82 
1540	29 
1541	1 62 
1542	25 39 
1543	61 62 
1544	56 
1545	30 
1546	74 84 
1547	15 
1548	61 
1549	17 84 
1550	51 
1551	7 51 
1552	67 
1553	62 
1554	40 51 
1555	19 32 
1556	40 67 
1557	15 
1558	5 61 
1559	60 
1560	38 
1561	2 
1562	3 
1563	5 
1564	65 
1565	43 
1566	17 
1567	68 
1568	61 
1569	40 
1570	67 
1571	38 
1572	12 
1573	5 
1574	25 39 
1575	60 
1576	8 74 
1577	44 51 
1578	75 
1579	5 76 
1580	18 
1581	29 
1582	7 
1583	30 
1584	9 24 
1585	27 
1586	61 
1587	57 
1588	1 
1589	62 
1590	41 
1591	74 
1592	74 
1593	49 57 
1594	32 60 
1595	78 
1596	19 42 
1597	50 
1598	3 
1599	75 
1600	32 
1601	17 
1602	32 
1603	13 
1604	11 31 
1605	67 
1606	77 78 
1607	61 74 
1608	5 47 
1609	45 67 
1610	54 
1611	62 
1612	5 
1613	9 
1614	51 
1615	29 
1616	18 
1617	19 
1618	60 
1619	44 
1620	69 
1621	3 
1622	60 
1623	11 
1624	11 
1625	84 
1626	54 
1627	40 
1628	40 82 
1629	71 
1630	80 
1631	17 37 
1632	62 
1633	2 78 
1634	41 
1635	32 
1636	74 
1637	17 
1638	50 74 
1639	78 
1640	30 
1641	33 
1642	20 
1643	32 
1644	18 
1645	21 79 
1646	20 
1647	11 47 
1648	11 
1649	40 
1650	60 
1651	20 75 
1652	66 
1653	29 
1654	79 
1655	17 
1656	19 82 
1657	38 
1658	72 
1659	19 
1660	74 
1661	57 74 
1662	11 
1663	1 14 
1664	18 
1665	51 
1666	78 
1667	8 29 
1668	7 
1669	18 
1670	41 
1671	32 
1672	84 
1673	41 
1674	84 
1675	60 
1676	79 
1677	41 
1678	10 
1679	20 
1680	78 
1681	60 
1682	31 
1683	32 
1684	8 84 
1685	40 41 
1686	71 
1687	66 
1688	75 
1689	44 
1690	19 
1691	40 
1692	3 28 
1693	78 
1694	16 84 
1695	40 
1696	12 
1697	21 
1698	67 
1699	54 
1700	40 
1701	15 21 
1702	10 84 
1703	40 
1704	27 
1705	71 75 
1706	60 
1707	11 25 
1708	33 49 
1709	30 
1710	62 
1711	61 
1712	25 29 
1713	74 
1714	51 
1715	62 
1716	67 
1717	1 
1718	50 
1719	44 
1720	75 
1721	78 
1722	25 
1723	68 
1724	74 
1725	16 
1726	83 
1727	5 
1728	32 
1729	75 
1730	46 
1731	84 
1732	1 
1733	3 82 
1734	32 62 
1735	51 68 
1736	61 
1737	46 
1738	1 
1739	21 24 
1740	82 
1741	39 
1742	7 
1743	5 
1744	32 
1745	29 
1746	51 
1747	7 
1748	2 
1749	75 
1750	19 
1751	31 
1752	32 
1753	11 35 
1754	62 67 
1755	83 
1756	47 82 
1757	39 41 
1758	5 
1759	30 
1760	27 
1761	61 67 
1762	41 
1763	2 
1764	1 10 
1765	7 11 
1766	44 
1767	16 40 
1768	32 
1769	2 
1770	81 
1771	7 19 
1772	84 
1773	30 
1774	82 
1775	62 
1776	74 
1777	32 61 
1778	8 60 
1779	78 
1780	51 
1781	49 
1782	61 64 
1783	60 
1784	19 34 
1785	51 
1786	71 
1787	23 
1788	45 
1789	24 70 
1790	32 
1791	74 
1792	29 
1793	70 
1794	35 
1795	3 
1796	38 
1797	30 
1798	71 
1799	12 
1800	1 
1801	74 
1802	74 
1803	40 
1804	1 15 
1805	1 
1806	5 
1807	41 
1808	16 
1809	18 
1810	16 
1811	11 
1812	48 
1813	41 
1814	2 17 
1815	44 75 
1816	67 
1817	42 
1818	51 
1819	82 
1820	84 
1821	54 
1822	67 
1823	84 
1824	21 
1825	46 74 
1826	34 46 
1827	54 
1828	39 
1829	51 84 
1830	5 
1831	8 57 
1832	30 
1833	8 41 
1834	40 
1835	41 
1836	75 
1837	43 
1838	21 30 
1839	32 57 
1840	37 
1841	20 
1842	84 
1843	44 
1844	78 
1845	44 
1846	40 
1847	9 
1848	11 
1849	5 
1850	24 61 
1851	51 
1852	83 
1853	77 
1854	82 
1855	40 
1856	62 
1857	24 78 
1858	2 
1859	84 
1860	9 
1861	40 
1862	16 
1863	7 
1864	2 60 
1865	15 
1866	43 
1867	75 
1868	47 
1869	17 75 
1870	60 
1871	67 
1872	37 84 
1873	43 
1874	8 
1875	38 
1876	3 
1877	75 
1878	42 
1879	1 84 
1880	68 
1881	82 
1882	29 
1883	24 
1884	19 81 
1885	61 82 
1886	30 61 
1887	11 29 
1888	39 80 
1889	20 
1890	82 
1891	5 74 
1892	32 
1893	68 
1894	7 
1895	69 
1896	51 
1897	11 
1898	41 75 
1899	52 
1900	61 72 
1901	3 32 
1902	8 
1903	75 
1904	70 
1905	60 
1906	18 
1907	73 
1908	75 
1909	19 
1910	77 
1911	74 
1912	83 
1913	27 74 
1914	32 
1915	74 
1916	18 
1917	7 
1918	7 
1919	41 
1920	69 
1921	20 
1922	38 
1923	24 
1924	62 
1925	29 
1926	2 
1927	84 
1928	74 
1929	20 41 
1930	32 
1931	83 84 
1932	61 
1933	30 
1934	61 
1935	68 
1936	75 
1937	20 
1938	45 
1939	60 
1940	53 
1941	71 83 
1942	32 57 
1943	67 
1944	82 
1945	52 
1946	56 67 
1947	24 58 
1948	20 
1949	19 
1950	25 84 
1951	58 
1952	21 
1953	2 62 
1954	79 
1955	2 60 
1956	11 
1957	62 
1958	68 75 
1959	32 
1960	61 
1961	7 52 
1962	1 
1963	84 
1964	75 
1965	31 42 
1966	62 
1967	3 
1968	62 
1969	50 
1970	7 57 
1971	61 
1972	7 
1973	7 
1974	70 
1975	18 
1976	32 
1977	75 
1978	17 
1979	11 19 
1980	19 
1981	10 61 
1982	54 
1983	62 78 
1984	15 
1985	61 
1986	34 62 
1987	20 
1988	19 
1989	75 
1990	11 
1991	51 
1992	5 
1993	5 
1994	74 
1995	39 
1996	19 61 
1997	29 43 
1998	21 42 
1999	82 
2000	7 
2001	72 
2002	32 
2003	29 75 
2004	11 
2005	76 82 
2006	48 
2007	2 
2008	1 40 
2009	62 
2010	15 
2011	11 
2012	84 
2013	84 
2014	32 44 
2015	82 
2016	84 
2017	54 
2018	7 
2019	61 
2020	20 
2021	61 
2022	51 
2023	74 84 
2024	1 
2025	3 
2026	60 
2027	18 
2028	32 
2029	74 
2030	73 
2031	78 
2032	39 
2033	40 62 
2034	67 
2035	75 
2036	56 
2037	16 
2038	58 
2039	38 
2040	1 
2041	75 
2042	38 
2043	32 
2044	67 
2045	50 60 
2046	1 38 
2047	16 83 
2048	42 
2049	19 
2050	37 
2051	42 82 
2052	47 50 
2053	38 
2054	8 82 
2055	49 
2056	75 
2057	47 
2058	29 
2059	32 
2060	1 40 
2061	84 
2062	19 83 
2063	1 
2064	51 
2065	51 61 
2066	5 
2067	40 
2068	10 
2069	1 
2070	1 
2071	25 32 
2072	10 19 
2073	66 
2074	73 
2075	49 61 
2076	48 
2077	78 
2078	47 
2079	11 
2080	5 
2081	15 
2082	11 
2083	74 
2084	3 
2085	18 78 
2086	1 78 
2087	57 
2088	19 
2089	56 82 
2090	42 
2091	1 
2092	70 
2093	57 
2094	29 32 
2095	20 
2096	1 30 
2097	83 
2098	12 
2099	43 
2100	19 
2101	17 
2102	62 
2103	84 
2104	8 
2105	75 
2106	44 
2107	32 77 
2108	67 
2109	51 
2110	7 
2111	74 
2112	61 
2113	23 
2114	3 
2115	1 
2116	15 
2117	18 82 
2118	21 
2119	51 82 
2120	75 
2121	27 
2122	1 
2123	3 
2124	7 61 
2125	60 
2126	8 
2127	62 
2128	44 
2129	1 
2130	78 
2131	11 
2132	42 44 
2133	27 
2134	3 31 
2135	62 
2136	71 
2137	44 
2138	11 
2139	32 60 
2140	19 
2141	21 
2142	27 
2143	75 
2144	46 
2145	1 
2146	19 
2147	3 52 
2148	52 
2149	34 
2150	54 
2151	34 
2152	25 82 
2153	16 49 
2154	84 
2155	21 
2156	42 
2157	3 44 
2158	47 
2159	29 
2160	74 
2161	70 
2162	47 
2163	42 60 
2164	44 78 
2165	84 
2166	45 
2167	37 75 
2168	74 
2169	24 
2170	19 
2171	30 
2172	18 78 
2173	10 
2174	38 61 
2175	77 
2176	24 
2177	2 
2178	44 
2179	84 
2180	40 
2181	7 84 
2182	60 71 
2183	69 
2184	30 50 
2185	43 
2186	52 82 
2187	20 
2188	71 78 
2189	54 
2190	60 
2191	61 78 
2192	1 
2193	67 
2194	35 
2195	82 
2196	24 
2197	67 84 
2198	30 
2199	11 30 
2200	83 
2201	80 
2202	19 
2203	10 29 
2204	17 67 
2205	19 
2206	19 32 
2207	61 
2208	29 61 
2209	45 
2210	79 
2211	32 
2212	74 
2213	19 
2214	84 
2215	61 
2216	11 
2217	32 
2218	57 
2219	74 
2220	11 78 
2221	3 
2222	42 
2223	75 
2224	7 
2225	2 
2226	75 
2227	83 
2228	37 
2229	7 71 
2230	51 
2231	38 
2232	44 
2233	44 
2234	3 
2235	74 
2236	8 
2237	71 
2238	50 
2239	32 54 
2240	21 
2241	82 
2242	56 
2243	78 
2244	29 
2245	84 
2246	2 74 
2247	18 
2248	83 
2249	30 
2250	40 84 
2251	35 
2252	61 
2253	34 
2254	70 
2255	52 62 
2256	51 66 
2257	29 
2258	2 
2259	19 
2260	40 
2261	21 42 
2262	18 75 
2263	46 
2264	74 82 
2265	75 
2266	83 
2267	78 
2268	73 
2269	51 
2270	61 
2271	84 
2272	8 
2273	78 
2274	8 
2275	33 78 
2276	61 83 
2277	19 
2278	21 
2279	75 
2280	38 
2281	21 
2282	11 
2283	78 
2284	75 
2285	44 
2286	74 
2287	38 
2288	2 
2289	42 62 
2290	74 
2291	21 30 
2292	37 
2293	11 74 
2294	11 
2295	67 73 
2296	67 
2297	54 60 
2298	29 
2299	7 
2300	25 
2301	19 
2302	54 
2303	62 
2304	82 
2305	84 
2306	10 
2307	1 
2308	64 
2309	1 61 
2310	19 51 
2311	35 
2312	1 82 
2313	1 74 
2314	3 27 
2315	11 74 
2316	40 
2317	78 
2318	16 
2319	75 
2320	11 75 
2321	7 8 
2322	54 67 
2323	30 
2324	11 21 
2325	75 
2326	18 81 
2327	41 
2328	24 
2329	29 61 
2330	51 
2331	71 
2332	74 
2333	20 
2334	32 56 
2335	38 
2336	75 
2337	38 75 
2338	60 74 
2339	44 74 
2340	84 
2341	54 
2342	78 
2343	41 56 
2344	34 
2345	1 
2346	62 
2347	9 
2348	5 8 
2349	51 
2350	19 44 
2351	44 
2352	1 
2353	62 
2354	31 
2355	29 
2356	20 50 
2357	17 
2358	44 78 
2359	40 71 
2360	29 
2361	72 
2362	29 
2363	82 
2364	75 
2365	53 65 
2366	47 
2367	40 75 
2368	32 
2369	80 
2370	7 78 
2371	19 
2372	30 83 
2373	11 
2374	80 
2375	44 
2376	56 
2377	84 
2378	74 
2379	11 81 
2380	38 
2381	54 
2382	50 
2383	19 
2384	16 
2385	62 
2386	5 
2387	60 
2388	32 
2389	24 61 
2390	74 
2391	84 
2392	73 
2393	17 
2394	1 13 
2395	71 
2396	11 
2397	82 
2398	46 
2399	27 
2400	47 
2401	8 73 
2402	83 
2403	51 
2404	51 
2405	11 
2406	11 19 
2407	11 
2408	19 37 
2409	11 
2410	80 
2411	1 
2412	83 
2413	20 
2414	10 82 
2415	61 
2416	48 77 
2417	52 
2418	11 
2419	25 
2420	75 
2421	20 
2422	32 75 
2423	51 
2424	7 47 
2425	38 
2426	20 
2427	17 77 
2428	27 
2429	11 32 
2430	20 
2431	60 71 
2432	38 
2433	78 
2434	16 
2435	73 
2436	40 
2437	32 
2438	34 
2439	40 51 
2440	38 
2441	11 
2442	18 
2443	51 
2444	61 
2445	20 
2446	74 
2447	38 75 
2448	17 
2449	15 
2450	61 
2451	21 78 
2452	9 
2453	84 
2454	38 
2455	7 
2456	1 
2457	75 
2458	11 
2459	41 73 
2460	61 
2461	75 
2462	37 
2463	70 74 
2464	17 27 
2465	60 
2466	15 
2467	11 
2468	9 
2469	18 
2470	7 61 
2471	60 68 
2472	82 
2473	52 
2474	53 
2475	2 
2476	84 
2477	5 51 
2478	84 
2479	27 
2480	19 
2481	1 
2482	83 
2483	68 75 
2484	11 
2485	62 80 
2486	11 
2487	75 
2488	9 
2489	61 
2490	75 78 
2491	42 
2492	32 
2493	69 
2494	74 
2495	19 
2496	74 
2497	78 
2498	51 
2499	43 
2500	60 
2501	51 
2502	18 
2503	51 
2504	60 
2505	1 
2506	11 75 
2507	84 
2508	54 74 
2509	4 49 
2510	62 
2511	7 60 
2512	21 61 
2513	60 
2514	47 
2515	84 
2516	1 44 
2517	41 51 
2518	53 
2519	18 
2520	58 
2521	84 
2522	11 15 
2523	67 
2524	47 
2525	19 84 
2526	19 
2527	11 
2528	47 
2529	21 
2530	17 
2531	60 
2532	29 
2533	32 40 
2534	47 81 
2535	18 
2536	30 
2537	79 
2538	51 
2539	37 
2540	74 75 
2541	7 
2542	19 32 
2543	2 84 
2544	24 
2545	80 
2546	51 
2547	56 
2548	16 
2549	60 
2550	82 
2551	25 43 
2552	82 
2553	7 
2554	67 
2555	61 
2556	41 
2557	2 18 
2558	17 
2559	10 
2560	78 
2561	1 
2562	82 
2563	40 42 
2564	19 65 
2565	5 38 
2566	30 41 
2567	50 
2568	40 
2569	6 74 
2570	60 
2571	73 
2572	82 
2573	60 
2574	61 
2575	40 47 
2576	54 
2577	51 
2578	8 
2579	27 
2580	19 
2581	47 
2582	21 
2583	75 
2584	11 
2585	20 51 
2586	60 
2587	40 
2588	11 
2589	3 
2590	9 
2591	2 
2592	61 62 
2593	34 61 
2594	1 51 
2595	1 29 
2596	75 
2597	38 
2598	1 82 
2599	9 
2600	11 
2601	61 
2602	2 
2603	7 
2604	43 
2605	82 
2606	11 52 
2607	33 82 
2608	40 61 
2609	44 
2610	54 
2611	61 
2612	50 
2613	50 
2614	7 75 
2615	11 
2616	69 
2617	5 11 
2618	44 
2619	7 29 
2620	44 
2621	40 45 
2622	29 
2623	56 
2624	29 
2625	11 
2626	50 
2627	29 62 
2628	9 62 
2629	27 
2630	41 
2631	21 
2632	30 
2633	70 
2634	39 
2635	32 60 
2636	5 
2637	82 
2638	7 
2639	74 
2640	32 
2641	68 
2642	32 46 
2643	74 
2644	2 17 
2645	61 
2646	15 32 
2647	47 67 
2648	84 
2649	3 32 
2650	2 
2651	34 
2652	32 
2653	1 
2654	34 
2655	2 
2656	51 
2657	84 
2658	75 
2659	29 67 
2660	46 84 
2661	1 
2662	7 
2663	3 
2664	83 
2665	40 
2666	11 
2667	40 
2668	2 
2669	75 
2670	1 
2671	84 
2672	54 
2673	8 51 
2674	10 74 
2675	61 
2676	51 
2677	21 41 
2678	8 
2679	19 
2680	18 19 
2681	60 
2682	82 
2683	60 
2684	11 50 
2685	84 
2686	74 
2687	75 84 
2688	8 
2689	60 
2690	51 
2691	32 
2692	37 42 
2693	67 
2694	54 
2695	19 
2696	40 61 
2697	50 
2698	60 
2699	20 44 
2700	61 
2701	34 
2702	24 
2703	51 
2704	29 
2705	7 
2706	19 
2707	29 
2708	52 
2709	23 71 
2710	74 
2711	51 
2712	74 
2713	8 22 
2714	50 51 
2715	1 
2716	8 
2717	32 
2718	74 
2719	40 
2720	32 84 
2721	40 
2722	5 16 
2723	11 
2724	58 
2725	42 
2726	21 62 
2727	8 
2728	20 44 
2729	40 
2730	82 
2731	60 80 
2732	60 
2733	11 
2734	32 38 
2735	74 78 
2736	33 54 
2737	16 
2738	5 
2739	32 
2740	60 75 
2741	84 
2742	71 
2743	78 
2744	75 
2745	62 
2746	11 
2747	2 60 
2748	84 
2749	32 75 
2750	58 
2751	74 
2752	29 
2753	52 62 
2754	19 
2755	1 
2756	32 57 
2757	47 
2758	32 84 
2759	3 
2760	75 84 
2761	21 83 
2762	8 
2763	61 
2764	47 
2765	27 61 
2766	5 84 
2767	11 
2768	41 
2769	24 61 
2770	54 
2771	61 75 
2772	7 
2773	62 64 
2774	82 
2775	2 74 
2776	75 
2777	62 
2778	74 
2779	29 
2780	46 
2781	11 54 
2782	84 
2783	11 67 
2784	38 
2785	1 
2786	29 50 
2787	8 78 
2788	50 
2789	82 
2790	8 11 
2791	84 
2792	62 
2793	43 
2794	3 
2795	8 
2796	24 
2797	74 
2798	30 37 
2799	24 
2800	51 
2801	18 
2802	7 
2803	2 
2804	20 61 
2805	82 
2806	19 
2807	54 
2808	40 
2809	29 
2810	42 
2811	18 
2812	51 79 
2813	75 
2814	61 
2815	61 62 
2816	61 
2817	16 
2818	19 84 
2819	83 
2820	18 82 
2821	62 
2822	50 
2823	17 32 
2824	17 27 
2825	23 
2826	46 
2827	56 
2828	74 
2829	68 
2830	11 
2831	74 
2832	2 11 
2833	7 
2834	46 
2835	41 
2836	41 
2837	19 
2838	8 84 
2839	37 
2840	29 
2841	39 
2842	32 
2843	67 
2844	41 
2845	78 
2846	2 
2847	78 
2848	3 
2849	83 
2850	40 
2851	51 
2852	56 
2853	32 
2854	32 
2855	30 
2856	57 75 
2857	60 62 
2858	19 
2859	1 
2860	82 
2861	44 
2862	29 
2863	38 
2864	80 
2865	74 
2866	74 
2867	27 
2868	21 
2869	15 
2870	40 44 
2871	15 
2872	38 
2873	2 
2874	2 
2875	51 
2876	8 
2877	40 
2878	50 66 
2879	7 
2880	2 
2881	11 
2882	2 
2883	84 
2884	11 
2885	16 
2886	44 
2887	38 
2888	7 
2889	17 80 
2890	32 
2891	38 
2892	60 83 
2893	25 29 
2894	60 75 
2895	1 
2896	3 
2897	29 
2898	44 
2899	1 25 
2900	19 
2901	32 
2902	8 43 
2903	40 
2904	54 
2905	62 
2906	30 
2907	74 83 
2908	11 
2909	67 
2910	8 
2911	78 
2912	60 
2913	7 56 
2914	7 
2915	41 
2916	16 
2917	41 84 
2918	40 
2919	1 29 
2920	84 
2921	75 
2922	8 
2923	33 
2924	61 
2925	32 
2926	41 
2927	30 32 
2928	19 
2929	5 34 
2930	60 
2931	3 
2932	43 
2933	47 
2934	43 61 
2935	51 
2936	21 31 
2937	20 34 
2938	84 
2939	2 40 
2940	54 75 
2941	29 60 
2942	38 75 
2943	38 
2944	7 17 
2945	1 
2946	19 
2947	20 
2948	16 
2949	32 
2950	32 
2951	5 
2952	7 
2953	73 
2954	8 
2955	50 
2956	61 
2957	24 
2958	75 
2959	61 
2960	83 
2961	52 
2962	24 
2963	40 
2964	32 74 
2965	1 59 
2966	40 
2967	27 
2968	84 
2969	46 
2970	10 84 
2971	44 
2972	82 
2973	3 27 
2974	84 
2975	51 75 
2976	5 30 
2977	50 
2978	7 
2979	2 5 
2980	47 
2981	41 
2982	33 44 
2983	71 
2984	61 67 
2985	7 11 
2986	52 75 
2987	67 
2988	44 
2989	82 
2990	24 50 
2991	62 
2992	56 
2993	74 
2994	24 
2995	30 
2996	40 74 
2997	29 
2998	78 
2999	67 
3000	30 
3001	75 
3002	3 30 
3003	67 
3004	17 56 
3005	60 
3006	39 
3007	78 
3008	40 
3009	21 
3010	7 27 
3011	46 
3012	18 
3013	10 
3014	34 61 
3015	62 
3016	3 
3017	2 
3018	9 
3019	61 84 
3020	16 64 
3021	27 62 
3022	60 
3023	25 
3024	32 
3025	38 56 
3026	32 84 
3027	82 
3028	41 
3029	25 
3030	74 
3031	82 84 
3032	75 78 
3033	40 
3034	45 
3035	61 84 
3036	7 
3037	74 
3038	83 
3039	16 40 
3040	32 
3041	33 
3042	11 16 
3043	11 
3044	19 
3045	74 
3046	18 
3047	1 30 
3048	30 
3049	34 
3050	11 83 
3051	1 
3052	46 
3053	19 
3054	29 
3055	84 
3056	10 
3057	5 
3058	9 
3059	8 62 
3060	75 
3061	17 
3062	60 
3063	32 
3064	25 
3065	75 
3066	84 
3067	54 
3068	23 
3069	23 
3070	7 
3071	69 
3072	51 
3073	20 24 
3074	19 
3075	47 62 
3076	74 
3077	83 
3078	21 23 
3079	11 24 
3080	78 
3081	19 
3082	46 
3083	51 60 
3084	19 
3085	11 
3086	1 
3087	43 
3088	30 
3089	7 
3090	78 
3091	40 
3092	11 29 
3093	74 
3094	10 60 
3095	47 
3096	78 
3097	62 
3098	25 
3099	67 
3100	11 69 
3101	2 82 
3102	40 
3103	75 
3104	33 82 
3105	38 
3106	83 
3107	29 67 
3108	3 74 
3109	51 
3110	74 
3111	75 
3112	51 
3113	8 40 
3114	51 
3115	23 
3116	3 
3117	11 
3118	11 
3119	5 
3120	57 
3121	5 
3122	71 
3123	2 67 
3124	20 
3125	54 
3126	19 
3127	82 
3128	20 
3129	1 
3130	41 
3131	7 
3132	32 
3133	61 
3134	68 
3135	25 
3136	18 
3137	40 
3138	67 
3139	25 
3140	19 
3141	21 
3142	47 
3143	70 
3144	32 83 
3145	67 
3146	11 
3147	69 
3148	84 
3149	21 83 
3150	41 
3151	40 
3152	19 
3153	30 
3154	69 
3155	82 
3156	11 
3157	15 
3158	11 62 
3159	60 
3160	51 
3161	7 
3162	17 
3163	7 
3164	29 
3165	51 
3166	82 
3167	83 
3168	20 
3169	75 
3170	34 
3171	17 
3172	52 
3173	11 
3174	83 
3175	51 
3176	10 
3177	60 
3178	44 
3179	41 71 
3180	2 19 
3181	27 46 
3182	75 80 
3183	62 
3184	7 
3185	17 
3186	19 42 
3187	82 
3188	67 
3189	78 
3190	84 
3191	29 
3192	68 84 
3193	30 
3194	47 
3195	83 
3196	24 
3197	82 
3198	38 
3199	27 
3200	62 
3201	19 
3202	17 
3203	41 
3204	40 
3205	17 
3206	11 
3207	3 
3208	82 
3209	60 
3210	75 
3211	78 
3212	61 
3213	10 32 
3214	7 40 
3215	62 
3216	50 
3217	74 
3218	42 
3219	40 
3220	84 
3221	83 
3222	42 57 
3223	82 
3224	11 
3225	40 
3226	38 74 
3227	54 
3228	37 
3229	82 
3230	68 
3231	38 44 
3232	38 
3233	2 61 
3234	82 
3235	32 
3236	50 
3237	30 
3238	40 
3239	2 62 
3240	11 
3241	8 
3242	15 
3243	5 
3244	47 
3245	11 30 
3246	8 75 
3247	2 67 
3248	78 
3249	46 
3250	74 
3251	44 
3252	23 51 
3253	18 79 
3254	19 
3255	61 75 
3256	75 
3257	19 
3258	3 16 
3259	8 
3260	61 
3261	60 
3262	7 78 
3263	27 51 
3264	62 
3265	62 
3266	78 
3267	25 
3268	11 
3269	7 
3270	21 27 
3271	33 60 
3272	32 
3273	10 83 
3274	30 44 
3275	1 
3276	84 
3277	8 24 
3278	41 
3279	1 
3280	50 
3281	38 
3282	75 
3283	84 
3284	7 24 
3285	9 
3286	51 
3287	21 50 
3288	74 
3289	15 
3290	2 
3291	16 75 
3292	43 
3293	27 
3294	62 
3295	16 
3296	29 
3297	67 
3298	11 
3299	61 
3300	47 
3301	11 
3302	84 
3303	24 
3304	1 73 
3305	40 
3306	25 
3307	3 30 
3308	75 
3309	37 
3310	16 33 
3311	35 74 
3312	2 42 
3313	68 
3314	51 
3315	8 
3316	68 
3317	19 
3318	78 
3319	32 
3320	50 
3321	1 15 
3322	61 
3323	56 
3324	19 
3325	74 
3326	32 
3327	2 29 
3328	83 
3329	16 
3330	7 
3331	62 
3332	25 
3333	54 
3334	43 71 
3335	12 46 
3336	19 
3337	44 
3338	52 
3339	21 
3340	5 
3341	20 
3342	21 27 
3343	78 
3344	74 
3345	25 
3346	11 
3347	32 
3348	7 
3349	7 
3350	11 17 
3351	15 
3352	29 
3353	60 84 
3354	67 
3355	44 61 
3356	78 
3357	32 
3358	67 
3359	32 
3360	82 
3361	29 
3362	1 
3363	47 
3364	51 
3365	74 
3366	1 
3367	84 
3368	1 
3369	2 
3370	84 
3371	69 
3372	20 29 
3373	47 
3374	25 
3375	78 
3376	21 
3377	82 
3378	35 71 
3379	84 
3380	20 
3381	40 
3382	21 70 
3383	40 
3384	40 
3385	16 
3386	24 32 
3387	56 
3388	46 
3389	84 
3390	30 44 
3391	20 62 
3392	30 
3393	11 
3394	54 
3395	38 
3396	83 
3397	8 
3398	71 
3399	54 
3400	40 
3401	68 
3402	83 
3403	40 47 
3404	2 84 
3405	34 
3406	75 
3407	1 
3408	61 
3409	67 82 
3410	84 
3411	17 
3412	60 
3413	30 
3414	60 
3415	50 
3416	8 
3417	17 44 
3418	1 11 
3419	54 
3420	11 
3421	60 
3422	34 49 
3423	25 
3424	19 74 
3425	52 
3426	40 50 
3427	17 
3428	2 18 
3429	69 
3430	62 
3431	54 78 
3432	3 40 
3433	67 
3434	51 
3435	1 78 
3436	62 
3437	74 
3438	54 84 
3439	24 
3440	17 
3441	74 
3442	75 
3443	2 
3444	40 
3445	2 69 
3446	27 
3447	16 45 
3448	9 32 
3449	7 
3450	71 
3451	40 
3452	30 54 
3453	11 20 
3454	32 
3455	75 
3456	29 
3457	30 
3458	2 
3459	27 
3460	7 
3461	69 73 
3462	38 
3463	5 74 
3464	1 68 
3465	74 
3466	60 
3467	46 50 
3468	5 82 
3469	46 
3470	17 44 
3471	50 
3472	11 69 
3473	83 
3474	75 
3475	50 
3476	11 29 
3477	51 
3478	41 84 
3479	82 
3480	69 
3481	11 74 
3482	60 
3483	29 62 
3484	75 
3485	40 
3486	51 
3487	67 
3488	27 47 
3489	10 
3490	40 
3491	73 75 
3492	32 51 
3493	51 
3494	62 
3495	57 62 
3496	67 
3497	21 
3498	2 
3499	29 
3500	78 83 
3501	20 
3502	32 51 
3503	84 
3504	8 11 
3505	71 
3506	32 
3507	2 38 
3508	19 
3509	20 
3510	30 
3511	20 74 
3512	19 
3513	50 56 
3514	75 
3515	7 
3516	61 65 
3517	16 
3518	3 
3519	19 
3520	20 
3521	40 41 
3522	17 
3523	40 
3524	75 
3525	25 
3526	51 
3527	30 
3528	27 74 
3529	47 
3530	21 
3531	19 
3532	32 46 
3533	18 
3534	10 
3535	74 
3536	30 
3537	50 
3538	38 69 
3539	82 
3540	84 
3541	1 24 
3542	60 
3543	82 
3544	25 
3545	75 
3546	32 
3547	29 
3548	11 
3549	19 
3550	16 
3551	1 
3552	27 38 
3553	10 
3554	11 
3555	38 
3556	27 
3557	62 
3558	40 67 
3559	30 
3560	17 67 
3561	30 
3562	11 44 
3563	25 
3564	75 
3565	61 
3566	19 
3567	62 
3568	62 
3569	71 
3570	51 74 
3571	47 
3572	19 
3573	21 46 
3574	74 
3575	16 
3576	30 
3577	5 
3578	62 
3579	19 
3580	62 
3581	8 
3582	82 
3583	67 
3584	47 
3585	21 
3586	40 
3587	2 
3588	42 
3589	84 
3590	60 
3591	51 
3592	41 74 
3593	74 
3594	19 
3595	62 
3596	7 
3597	3 82 
3598	18 
3599	61 
3600	45 83 
3601	39 84 
3602	52 74 
3603	2 74 
3604	78 
3605	9 11 
3606	44 
3607	1 
3608	32 
3609	8 
3610	60 
3611	30 
3612	61 
3613	42 
3614	40 
3615	25 52 
3616	32 
3617	37 44 
3618	40 
3619	40 61 
3620	83 
3621	34 
3622	38 
3623	40 44 
3624	41 
3625	11 19 
3626	2 
3627	3 
3628	5 42 
3629	51 
3630	42 
3631	61 
3632	32 
3633	52 82 
3634	84 
3635	19 30 
3636	51 84 
3637	51 
3638	82 
3639	34 
3640	41 
3641	61 
3642	16 32 
3643	71 
3644	11 
3645	22 24 
3646	20 
3647	67 
3648	71 
3649	41 
3650	82 
3651	31 50 
3652	21 43 
3653	25 
3654	54 
3655	51 78 
3656	38 69 
3657	29 
3658	74 75 
3659	75 
3660	75 
3661	32 
3662	29 
3663	49 51 
3664	74 
3665	62 
3666	29 
3667	17 
3668	8 
3669	2 
3670	11 
3671	75 
3672	11 20 
3673	19 25 
3674	74 
3675	44 
3676	32 
3677	50 
3678	9 83 
3679	11 
3680	17 62 
3681	78 
3682	78 
3683	44 
3684	30 
3685	2 54 
3686	74 
3687	16 
3688	52 60 
3689	83 
3690	74 
3691	75 
3692	16 
3693	32 
3694	1 74 
3695	84 
3696	67 
3697	83 
3698	78 82 
3699	67 
3700	3 19 
3701	41 
3702	74 
3703	38 
3704	1 11 
3705	21 
3706	74 78 
3707	82 
3708	8 
3709	40 
3710	51 
3711	18 
3712	46 
3713	68 74 
3714	60 62 
3715	82 
3716	78 
3717	11 
3718	60 
3719	29 44 
3720	67 
3721	23 62 
3722	32 34 
3723	75 
3724	32 34 
3725	2 
3726	1 
3727	38 
3728	2 
3729	8 50 
3730	38 73 
3731	19 46 
3732	19 
3733	10 25 
3734	40 
3735	32 
3736	11 
3737	74 
3738	71 
3739	29 
3740	32 61 
3741	1 
3742	27 
3743	11 
3744	8 29 
3745	67 84 
3746	60 
3747	78 
3748	25 40 
3749	75 
3750	74 
3751	40 
3752	7 
3753	29 
3754	82 
3755	47 
3756	7 
3757	71 
3758	32 
3759	40 
3760	1 50 
3761	7 19 
3762	50 
3763	32 
3764	5 24 
3765	19 
3766	32 
3767	37 83 
3768	18 
3769	1 3 
3770	7 8 
3771	50 
3772	32 67 
3773	38 39 
3774	84 
3775	54 67 
3776	20 37 
3777	19 
3778	47 
3779	11 50 
3780	3 
3781	11 
3782	29 
3783	11 
3784	7 
3785	8 84 
3786	62 
3787	5 75 
3788	19 82 
3789	18 78 
3790	41 83 
3791	20 75 
3792	21 
3793	60 
3794	60 
3795	19 39 
3796	44 
3797	19 84 
3798	3 
3799	75 
3800	19 
3801	32 
3802	50 
3803	30 
3804	30 44 
3805	19 
3806	24 61 
3807	40 
3808	60 71 
3809	83 
3810	70 78 
3811	40 
3812	74 
3813	5 
3814	74 
3815	82 
3816	61 
3817	56 68 
3818	46 51 
3819	14 51 
3820	78 
3821	17 82 
3822	34 51 
3823	7 
3824	3 
3825	59 62 
3826	5 
3827	41 
3828	32 
3829	10 46 
3830	1 18 
3831	61 
3832	40 
3833	29 
3834	51 
3835	7 
3836	7 
3837	38 
3838	67 
3839	41 44 
3840	11 32 
3841	30 61 
3842	44 
3843	40 
3844	1 
3845	69 82 
3846	1 
3847	16 75 
3848	7 
3849	47 64 
3850	7 
3851	84 
3852	7 
3853	74 
3854	19 
3855	78 
3856	17 62 
3857	84 
3858	38 
3859	82 
3860	82 
3861	10 78 
3862	82 
3863	11 56 
3864	7 
3865	19 30 
3866	11 
3867	20 23 
3868	17 21 
3869	75 
3870	7 
3871	11 
3872	51 
3873	50 
3874	1 
3875	60 
3876	74 
3877	47 61 
3878	40 
3879	8 
3880	83 
3881	50 51 
3882	82 
3883	60 
3884	19 72 
3885	51 
3886	41 
3887	38 
3888	74 
3889	83 
3890	8 
3891	82 
3892	51 
3893	2 
3894	84 
3895	1 75 
3896	8 56 
3897	2 30 
3898	44 
3899	50 51 
3900	84 
3901	8 
3902	19 60 
3903	74 
3904	40 
3905	8 
3906	30 62 
3907	1 
3908	20 78 
3909	7 
3910	32 
3911	67 
3912	7 33 
3913	60 
3914	51 
3915	51 
3916	32 60 
3917	51 
3918	75 82 
3919	7 40 
3920	67 
3921	51 
3922	8 39 
3923	60 
3924	19 75 
3925	75 
3926	78 
3927	19 
3928	19 
3929	16 51 
3930	7 
3931	7 70 
3932	7 
3933	74 75 
3934	16 44 
3935	60 
3936	7 
3937	40 
3938	19 
3939	40 62 
3940	1 3 
3941	75 
3942	62 
3943	38 51 
3944	82 
3945	74 
3946	51 
3947	11 60 
3948	32 
3949	82 
3950	61 
3951	82 
3952	32 61 
3953	51 
3954	60 
3955	8 44 
3956	75 
3957	74 
3958	44 61 
3959	78 
3960	47 78 
3961	60 
3962	32 
3963	40 
3964	82 
3965	1 
3966	1 
3967	50 75 
3968	10 50 
3969	60 
3970	41 50 
3971	25 60 
3972	19 
3973	19 
3974	32 
3975	61 
3976	61 62 
3977	1 62 
3978	61 
3979	10 44 
3980	21 29 
3981	57 61 
3982	11 
3983	19 
3984	19 
3985	19 71 
3986	74 
3987	19 30 
3988	30 51 
3989	20 62 
3990	43 74 
3991	1 
3992	40 55 
3993	40 
3994	8 11 
3995	54 61 
3996	1 62 
3997	11 
3998	61 
3999	40 
4000	75 
